version: 1
creator: callgrind-3.7.0
pid: 11291
cmd:  ./Hash.out
part: 1


desc: I1 cache: 
desc: D1 cache: 
desc: LL cache: 

desc: Timerange: Basic block 0 - 467799
desc: Trigger: Program termination

positions: line
events: Ir
summary: 2026032


ob=(2) ???
fl=(15) ???
fn=(210) 0x040252f8
0 8
cob=(4) /usr/lib/valgrind/vgpreload_core-x86-linux.so
cfi=(47) ???
cfn=(214) 0x000003f0
calls=1 0 
0 15
0 1
cob=(4)
cfi=(47)
cfn=(224) 0x00000520
calls=1 0 
0 15
0 3

fn=(282) 0x080484f8
0 8
cob=(5) /home/aq/MIPT_Prog/Asm/Hash/Hash.out
cfi=(56) ???
cfn=(286) 0x08048700
calls=1 0 
0 8
0 1
cob=(5)
cfi=(56)
cfn=(292) 0x0804d000
calls=1 0 
0 11
0 3

ob=(1) /lib/i386-linux-gnu/ld-2.15.so
fl=(36) /build/buildd/eglibc-2.15/elf/dl-version.c
fn=(144) _dl_check_all_versions
387 3
+2 1
-2 4
cfi=(3) /build/buildd/eglibc-2.15/string/../sysdeps/i386/i686/multiarch/../memcmp.S
cfn=(4) 0x00018bab
calls=1 52 
* 2
* 1
+4 1
-4 1
+4 3
+1 12
+1 16
cfn=(146) _dl_check_map_versions
calls=4 180 
* 3121
-2 4
+1 16
-1 8
+5 7

fn=(146)
180 32
+15 8
-15 4
cfi=(3)
cfn=(4)
calls=4 52 
* 8
* 8
+15 8
+4 4
-2 4
+2 4
+3 4
-2 4
-3 4
+5 4
-2 4
+2 4
+3 8
+4 2
-4 2
+4 12
+17 4
62 4
226 4
62 12
+1 5
-1 10
+2 21
cfi=(28) /build/buildd/eglibc-2.15/elf/dl-misc.c
cfn=(98) _dl_name_match_p
calls=7 305 
* 562
* 14
230 4
+4 6
+5 8
+20 3
-16 102
cfn=(148) match_symbol
calls=2 82 
* 270
* 27
cfn=(148)
calls=3 82 
* 477
* 5
+8 5
-8 5
+8 5
-8 15
+11 15
+9 8
-74 2
-8 2
+96 12
+3 8
+3 4
-3 6
+6 10
+4 2
-7 4
+7 4
-4 6
+4 32
-7 64
+7 64
-4 98
+8 12
+87 14
-81 18
cfi=(16) /build/buildd/eglibc-2.15/elf/dl-minimal.c
cfn=(38) calloc
calls=3 104 
* 247
-1 3
+2 3
-1 3
-1 3
+2 3
+11 3
+2 3
-5 3
+3 3
+2 3
-2 3
+2 3
+3 8
+4 8
+18 3
-15 3
+2 12
-2 2
+2 8
+2 10
+1 5
-1 5
+1 5
+1 5
-2 5
+3 5
-1 10
+1 15
+3 17
+8 6
+10 9
+3 12
+20 34
-14 34
-2 34
+2 36
-2 2
+2 2
+4 34
+2 34
-1 102
+1 34
-1 68
+1 34
+1 34
+3 108
+10 14

fn=(148)
82 35
cfi=(3)
cfn=(4)
calls=5 -30 
* 10
* 10
+1 5
-1 5
+1 5
+8 5
-8 5
+8 5
+6 20
+15 5
+1 10
+2 10
+5 10
+14 36
+12 39
+4 13
-30 26
+19 40
cfi=(18) /build/buildd/eglibc-2.15/string/../sysdeps/i386/i686/multiarch/../strcmp.S
cfn=(56) strcmp
calls=5 34 
* 398
* 15
+3 5
+32 35

fl=(12) /build/buildd/eglibc-2.15/elf/../misc/sbrk.c
fn=(24) sbrk
35 3
cfi=(3)
cfn=(4)
calls=1 +17 
* 2
* 4
+8 6
+4 2
+11 6

fl=(22) /build/buildd/eglibc-2.15/string/../sysdeps/i386/i686/multiarch/../mempcpy.S
fn=(72) mempcpy
44 49
+1 49
+2 49
+2 49
+2 49
+2 49
+1 49
+1 49
+1 14
+1 14
+1 14
-1 35
+1 35
+1 32
+1 147
+2 49
+2 49
+5 49

fl=(26) /build/buildd/eglibc-2.15/elf/dl-error.c
fn=(88) _dl_catch_error
160 9
cfi=(3)
cfn=(4)
calls=3 52 
* 6
* 15
+9 3
+2 3
cfi=(2) /build/buildd/eglibc-2.15/elf/rtld.c
cfn=(90) _dl_initial_error_catch_tsd
calls=3 801 
* 18
* 3
+1 3
+2 3
-2 3
+2 9
cfi=(27) /build/buildd/eglibc-2.15/setjmp/../sysdeps/i386/setjmp.S
cfn=(92) __sigsetjmp
calls=3 34 
* 33
+1 3
-1 3
+1 3
+2 9
+1 9
cfi=(31) /build/buildd/eglibc-2.15/elf/dl-deps.c
cfn=(122) openaux
calls=2 62 
* 7999
cfi=(2)
cfn=(94) map_doit
calls=1 631 
* 2823
+1 9
+1 3
+1 3
-1 3
+2 3
-1 3
+1 3
+10 15

fn=(140) _dl_receive_error
198 3
cfi=(3)
cfn=(4)
calls=1 52 
* 2
* 7
+1 1
cfi=(2)
cfn=(90)
calls=1 801 
* 6
+5 1
+4 1
-5 1
+4 1
+3 5
cfi=(2)
cfn=(142) version_check_doit
calls=1 663 
* 3218
+2 2
+1 1
+1 2
-2 1
+2 1
-1 1
+1 3

fl=(13) /build/buildd/eglibc-2.15/elf/dl-environ.c
fn=(30) _dl_next_ld_env_entry
30 3
+1 3
+1 3
+2 13
+2 110
+11 53
-13 159
+17 9
-14 20
+5 2
-3 2
+3 2
+2 2

fl=(19) /build/buildd/eglibc-2.15/posix/../sysdeps/unix/syscall-template.S
fn=(62) uname
82 7
+1 1

fl=(18)
fn=(56)
34 237
+1 237
+4 237
+1 237
+1 237
-2 1205
+1 1205
+1 1205
+1 1335
+1 1335
+1 1335
+1 1335
+2 130
+6 130
+3 107
+1 107
+1 107
+12 107

fl=(30) /build/buildd/eglibc-2.15/string/../sysdeps/i386/i686/multiarch/../memset.S
fn=(114) memset
52 6
+1 6
+2 6
+1 6
+5 6
+2 6
+1 6
+2 6
+1 6
+1 2
+1 1
+1 1
+1 1
+1 2
+1 2
+1 2
+5 4
+1 4
+1 4
+2 4
+2 94
+2 4
+1 4
+5 6
+3 6
+8 6

fl=(10) /build/buildd/eglibc-2.15/elf/../sysdeps/unix/sysv/linux/i386/brk.c
fn=(18) brk
36 5
cfi=(3)
cfn=(4)
calls=1 +16 
* 2
* 1
+5 6
+2 1
+8 1
-6 2
+7 4

fl=(8) /build/buildd/eglibc-2.15/elf/../elf/dl-sysdep.c
fn=(66) _dl_important_hwcaps
354 6
cfi=(3)
cfn=(4)
calls=1 52 
* 2
* 4
+3 1
-3 1
+3 1
-1 5
+1 3
+9 2
-10 1
+10 5
+1 7
-1 1
+1 1
+1 1
-2 1
+2 1
-2 6
+1 182
-1 26
+1 26
+1 26
-2 26
+2 26
-2 318
+10 1
-1 1
+1 2
-2 1
+2 2
+44 5
cfi=(21) /build/buildd/eglibc-2.15/io/../sysdeps/unix/syscall-template.S
cfn=(68) access
calls=1 82 
* 18
* 3
-2 2
+17 3
-17 1
+17 2
+3 2
+27 9
+1 270
+2 10
+1 48
+1 2
-1 4
+1 16
+1 2
-1 10
-5 140
+8 3
+2 2
+1 1
-1 1
+1 3
+4 1
+4 1
-4 2
+1 1
+3 1
+3 1
+1 1
-1 1
+4 3
+1 2
+18 7
+1 5
cfi=(16)
cfn=(42) malloc
calls=1 95 
* 46
+1 2
-1 1
+1 1
+7 2
+22 3
+3 1
-3 2
+3 1
+7 18
+6 1
-3 1
+3 5
cfi=(22)
cfn=(72)
calls=1 44 
* 16
* 3
-3 3
+3 15
cfi=(22)
cfn=(72)
calls=3 44 
* 48
* 4
+3 4
-3 4
+3 24
+1 32
+1 28
cfi=(22)
cfn=(72)
calls=4 44 
* 60
* 12
-2 8
+5 24
cfi=(22)
cfn=(72)
calls=4 44 
* 60
* 8
+2 8
+5 7
+1 16
-1 50
+8 1
-3 4
+3 5
-3 12
+3 18
+1 96
+1 32
-1 32
+1 64
-2 32
+1 64
-1 96
+4 8
+3 1
+1 1
+1 3
-2 1
+1 1
-1 1
+2 1
-2 1
+2 3
352 6
592 9
+3 3
-6 6
+2 18
352 6
594 6
+1 3
-6 6
352 5
602 2
352 1
602 5
+1 1
+2 2
-3 21
+1 7
+2 14
+3 4
+3 7
494 1
+1 5
+1 2
-1 3
+1 2
-1 3
+2 2
+1 2
+2 2
-1 1
+1 1
-1 2
+5 4
-56 2
-12 2

fn=(194) _dl_sysdep_start_cleanup
252 1

fn=(14) _dl_sysdep_start
89 7
cfi=(3)
cfn=(4)
calls=1 -37 
* 2
* 1
+25 1
-1 1
+1 228
+6 1
-6 1
-23 1
+26 1
-3 1
+3 1
+3 1
-2 1
-28 1
+30 15
-10 1
+10 6
-29 2
+30 105
+3 3
-4 1
-34 2
+34 13
-34 20
+34 47
+93 2
-93 4
+93 1
fi=(9) /build/buildd/eglibc-2.15/elf/../sysdeps/unix/sysv/linux/dl-sysdep.c
36 2
cfi=(10)
cfn=(18)
calls=1 * 
* 22
fi=(5) /build/buildd/eglibc-2.15/elf/../sysdeps/i386/dl-machine.h
267 5
fe=(8)
-38 2
cfi=(12)
cfn=(24)
calls=1 35 
* 23
* 3
+12 3
+3 8
cfi=(2)
cfn=(26) dl_main
calls=1 896 
* 102842
+2 7
-67 1
-59 1
+59 1
-93 2
+34 3
+34 1
-34 1
+34 1
-68 2
+34 3
+43 1
-43 1
-34 2
+34 1
+43 1
-43 2
+40 1
-40 1
+40 1
-74 2
+34 1
+40 2
-40 2
+37 1
-37 1
-34 2
+34 1
+37 1
-37 3
+13 1
-13 1
-34 2
+34 1
+13 1
-13 2
+10 1
-10 1
-34 2
+34 1
+10 1
-10 2
+7 1
-7 1
+7 1
-41 2
+34 3
227 2
cfi=(11) /build/buildd/eglibc-2.15/string/../sysdeps/i386/i686/multiarch/../../i586/strlen.S
cfn=(22) strlen
calls=1 47 
* 32
* 2

fl=(14) /build/buildd/eglibc-2.15/elf/dl-object.c
fn=(50) _dl_add_to_namespace_list
34 9
cfi=(3)
cfn=(4)
calls=3 +18 
* 6
* 18
+2 9
cfi=(2)
cfn=(52) rtld_lock_default_lock_recursive
calls=3 843 
* 9
+2 16
+3 18
+2 2
+2 2
+4 2
+1 2
+3 2
-4 2
+1 4
+1 2
-1 2
+1 6
+2 2
cfi=(2)
cfn=(54) rtld_lock_default_unlock_recursive
calls=2 849 
* 6
-4 1
+1 1
+3 1
-4 1
+1 2
+1 1
-1 1
+1 3
+2 1
cfi=(2)
cfn=(54)
calls=1 849 
* 3
+1 18
-6 2

fn=(34) _dl_new_object
63 15
cfi=(3)
cfn=(4)
calls=3 -11 
* 6
* 6
+1 3
-1 12
+1 3
cfi=(11)
cfn=(22)
calls=3 -17 
* 167
+6 6
-6 3
+6 3
+7 18
cfi=(16)
cfn=(38)
calls=3 +27 
* 214
+3 9
-3 3
+3 3
+4 3
-20 3
+20 3
-1 3
+5 6
+1 21
cfi=(17) /build/buildd/eglibc-2.15/string/../sysdeps/i386/i686/multiarch/../memcpy.S
cfn=(48) memcpy
calls=3 -45 
* 90
* 3
+2 3
-2 3
+4 3
+1 3
-1 3
+1 15
+3 6
+6 3
+3 3
-7 3
+4 3
+3 5
+2 1
-2 3
+2 15
-2 45
+12 3
+4 3
-4 3
+6 3
-5 3
+5 9
+2 6
+3 7
+4 6
+4 8
+8 1
+3 2
+3 4
-3 4
+3 8
+2 6
cfi=(11)
cfn=(22)
calls=2 47 
* 200
+4 2
-4 2
+4 2
-4 2
+4 2
+68 21
70 30
+67 6
-39 6
+31 1
+8 4
+24 4
cfi=(16)
cfn=(42)
calls=2 -66 
* 92
* 2
+1 6
+45 12
cfi=(22)
cfn=(72)
calls=2 44 
* 48
* 2
+5 38
+1 38
-1 38
+1 40
-1 2
+1 2
+2 4
+3 2
+3 4

fl=(24) /build/buildd/eglibc-2.15/string/../sysdeps/i386/i686/multiarch/../../i586/strchr.S
fn=(76) index
49 6
+2 6
+3 6
+2 6
+3 6
+1 6
+3 6
+2 6
+6 6
+1 6
+2 6
+1 6
+2 6
+1 6
+2 6
+2 1
+1 1
+22 1
+2 1
+1 1
+2 1
+1 1
+2 1
+10 1
+1 1
+2 1
+1 1
+25 1
+1 1
+2 1
+1 1
-33 5
+1 5
+2 5
+1 5
+25 5
+1 5
+2 5
+1 5
-4 2
+1 2
+2 2
+1 2
+2 8
+1 8
+2 8
+1 8
+2 8
+1 8
+2 8
+1 8
+2 8
+1 8
+2 8
+1 8
+2 8
+1 8
+2 8
+1 8
+2 7
+1 7
+2 7
+1 7
+2 7
+1 7
+2 7
+1 7
+2 7
+1 7
+2 7
+1 7
+2 7
+1 7
+2 7
+1 7
+2 7
+1 7
+2 7
+1 7
+2 7
+1 7
+2 7
+1 7
+2 7
+1 7
+2 7
+1 7
+2 5
+1 5
+2 5
+1 5
+2 5
+1 5
+2 5
+1 5
+2 5
+1 5
+2 5
+1 5
+2 5
+1 5
+2 5
+1 5
+2 4
+1 4
+2 4
+1 4
+2 2
+1 2
+2 2
+1 2
+2 2
+1 2
+2 2
+1 2
+2 2
+1 2
+2 2
+2 2
+4 1
+1 1
+2 1
+17 6
+3 6
+4 6
+3 6
+5 6
+9 5
+1 5
+2 5
+2 5
+1 5
+2 4
+2 4
+1 4
+2 4
+1 4
+2 1
+1 1
+2 1
+1 1
+2 1
+1 1
+8 5
+2 5

fl=(46) /build/buildd/eglibc-2.15/elf/dl-init.c
fn=(206) _dl_init
93 6
cfi=(3)
cfn=(4)
calls=1 -41 
* 2
* 2
+2 1
-2 1
+1 1
-1 1
+5 3
+7 2
+27 1
+1 4
+1 9
cfn=(208) call_init
calls=1 -98 
* 34
* 27
cfn=(208)
calls=3 -98 
* 7359
-1 8
+7 6
-40 7
cfn=(208)
calls=1 -64 
* 89
+1 3

fn=(208)
36 35
+1 5
-1 5
cfi=(3)
cfn=(4)
calls=5 +16 
* 10
* 10
+1 10
+9 4
-3 12
+3 16
+5 9
+5 4
+8 4
+2 4
+4 10
cob=(3) /lib/i386-linux-gnu/libc-2.15.so
cfi=(48) /build/buildd/eglibc-2.15/csu/../sysdeps/unix/sysv/linux/init-first.c
cfn=(232) _init
calls=1 -17 
* 172
cob=(2)
cfi=(15)
cfn=(210)
calls=1 -70 
* 42
* 2
+4 2
+1 4
+6 1
+2 1
-2 1
+2 3
-2 1
+3 10
+1 7
cob=(3)
cfi=(52) /build/buildd/eglibc-2.15/elf/dl-altinit.c
cfn=(240) dlinit_alt
calls=1 -44 
* 11
* 14
cob=(3)
cfi=(55) /build/buildd/eglibc-2.15/libio/oldstdfiles.c
cfn=(252) _IO_check_libio
calls=1 -7 
* 12
cob=(3)
cfi=(53) /build/buildd/eglibc-2.15/string/../sysdeps/x86_64/cacheinfo.c
cfn=(242) init_cacheinfo
calls=1 552 
* 7017
-1 9
+3 30
-35 2
-5 3

fl=(33) /build/buildd/eglibc-2.15/elf/dl-cache.c
fn=(130) _dl_load_cache_lookup
183 5
cfi=(3)
cfn=(4)
calls=1 52 
* 2
* 3
+8 2
+3 4
+51 4
+11 1
fi=(34) /build/buildd/eglibc-2.15/elf/../sysdeps/i386/dl-procinfo.h
101 6
+3 3
cfi=(18)
cfn=(56)
calls=1 -70 
* 16
* 9
cfi=(18)
cfn=(56)
calls=3 -70 
* 71
* 8
-2 12
fe=(33)
260 1
+19 1
-19 3
cfi=(21)
cfn=(68)
calls=1 82 
* 18
+4 1
+15 2
-19 1
+4 7
+1 1
+14 1
-15 2
+15 1
-25 1
+25 1
-25 1
+25 1
-25 2
+25 2
-25 1
+25 143
cfn=(136) _dl_cache_libcmp
calls=10 140 
* 1062
* 44
+21 7
fi=(34)
105 1
fe=(33)
258 10
-61 4
cfi=(28)
cfn=(132) _dl_sysdep_read_whole_file
calls=1 44 
* 103
+8 1
-8 1
+8 5
+1 6
cfi=(3)
cfn=(32) bcmp
calls=1 58 
* 40
* 2
+4 2
+3 3
+3 2
+1 2
-1 1
+1 1
+1 5
cfi=(3)
cfn=(32)
calls=1 58 
* 43
* 2
+18 3
+43 13
cfn=(136)
calls=1 140 
* 108
* 21
+16 4
-16 26

fn=(136)
140 55
+1 48
+2 53
+2 53
-2 159
+2 106
-2 53
+2 2
+7 1
-1 1
+1 5
+1 1
-2 2
+2 4
+2 6
+2 2
+6 104
+2 156
+4 42
+1 42
-29 168
+32 1
+1 4
-1 1
+1 11
-8 10
+8 10
-8 10
+8 10
-8 20
+8 30

fn=(196) _dl_unload_cache
309 2
cfi=(3)
cfn=(4)
calls=1 52 
* 2
* 2
+1 4
+2 4
cfi=(45) /build/buildd/eglibc-2.15/misc/../sysdeps/unix/syscall-template.S
cfn=(198) munmap
calls=1 82 
* 9
+1 1
+2 3

fl=(32) /build/buildd/eglibc-2.15/io/../sysdeps/unix/sysv/linux/xstat64.c
fn=(128) __xstat64
47 16
+3 16
-3 16
cfi=(3)
cfn=(4)
calls=16 +5 
* 32
* 16
+3 112
+34 2
-34 45
+34 30

fl=(28)
fn=(132)
44 3
cfi=(3)
cfn=(4)
calls=1 +8 
* 2
* 6
+7 3
cfi=(21)
cfn=(106) open
calls=1 +31 
* 10
-6 1
+7 1
-1 1
+1 1
+2 5
cfi=(29) /build/buildd/eglibc-2.15/io/../sysdeps/unix/sysv/linux/fxstat64.c
cfn=(112) __fxstat64
calls=1 -8 
* 15
* 2
+2 1
+3 1
-3 1
+3 1
+13 2
cfi=(21)
cfn=(118) close
calls=1 +10 
* 8
+3 7
-14 7
cfi=(23) /build/buildd/eglibc-2.15/misc/../sysdeps/unix/sysv/linux/i386/mmap.S
cfn=(74) mmap
calls=1 -26 
* 23
* 2

fn=(98)
305 300
cfi=(3)
cfn=(4)
calls=50 52 
* 100
* 100
+1 200
cfi=(18)
cfn=(56)
calls=50 34 
* 457
+1 50
-1 100
+3 50
+8 50
-6 100
+4 51
-4 102
+1 216
cfi=(18)
cfn=(56)
calls=54 34 
* 793
* 108
+1 3
+5 65
-1 47
+1 235

fl=(38) /build/buildd/eglibc-2.15/elf/dl-reloc.c
fn=(162) _dl_relocate_object
154 32
cfi=(3)
cfn=(4)
calls=4 52 
* 8
* 8
+10 12
+1 8
+4 4
-4 4
+4 4
+1 20
+6 8
+6 12
+4 8
+8 12
-33 4
+78 4
fi=(5)
104 4
fe=(38)
239 8
fi=(5)
104 4
fe=(38)
265 226
152 20
fi=(6) /build/buildd/eglibc-2.15/elf/do-rel.h
-45 8
-40 4
-11 4
fe=(38)
265 4
fi=(6)
56 4
+11 4
fe=(38)
265 4
fi=(6)
55 4
+12 12
-11 4
fe=(38)
265 4
fi=(6)
56 4
+11 4
fe=(38)
265 4
fi=(6)
55 4
+12 8
+3 6
fi=(5)
384 9
655 3
-1 6
+1 3
+2 6
-2 30
-1 60
+1 30
+2 60
+2 116
+1 58
fi=(6)
70 123
+99 8
fe=(38)
+96 196
fi=(5)
603 4
fe=(38)
265 8
fi=(5)
603 4
fi=(6)
93 4
-37 4
-1 4
+1 4
+39 4
+12 4
-15 8
+3 12
+12 4
-14 4
-37 4
-1 4
+1 4
+39 4
+12 4
-15 8
+3 12
+12 4
+10 24
+10 24
+3 6
+3 6
-3 6
+3 6
+36 8
fe=(38)
+96 16
+3 12
+40 4
+3 12
+17 12
+1 8
cfn=(186) _dl_protect_relro
calls=4 +6 
* 156
* 4
+1 24
fi=(5)
104 9
+6 6
+4 9
+13 3
-8 3
+8 6
+13 9
fe=(38)
+44 24
fi=(6)
-91 5
+14 10
-14 5
+2 5
-2 10
+14 5
+7 9
+6 4
fi=(5)
633 2
fi=(6)
121 2
fi=(5)
633 2
fi=(6)
121 2
fe=(38)
+31 6
fi=(6)
-31 2512
fi=(5)
633 2512
fi=(6)
120 1258
fi=(5)
634 1258
fi=(6)
120 2516
+7 20
+3 4
+3 4
-3 4
+3 4
fi=(5)
460 12
fi=(6)
145 6
+2 3
-2 3
fi=(5)
311 3
fi=(6)
145 6
+1 3
+1 3
-1 3
fi=(5)
311 3
fi=(6)
145 3
+3 6
fi=(5)
314 3
fi=(6)
147 3
-1 3
+2 3
-2 3
fi=(5)
314 3
fi=(6)
145 202
+2 101
-2 101
fi=(5)
311 101
fi=(6)
145 202
+1 101
+1 101
-1 101
fi=(5)
311 101
fi=(6)
145 101
+3 202
fi=(5)
314 101
fi=(6)
147 101
-1 101
+2 101
-2 101
fi=(5)
314 101
+17 312
+7 2499
fi=(6)
146 81
fi=(5)
338 243
fi=(6)
146 81
fi=(5)
338 243
fi=(6)
147 81
fi=(5)
338 330
fi=(6)
146 6
fi=(5)
338 18
fi=(6)
146 6
fi=(5)
338 18
fi=(6)
147 6
fi=(5)
338 1503
cfi=(7) /build/buildd/eglibc-2.15/elf/dl-lookup.c
cfn=(168) _dl_lookup_symbol_x
calls=87 716 
* 53764
* 522
+1 516
+2 208
+1 408
+6 208
449 3
+4 5
+1 1
+11 7
cfi=(17)
cfn=(48)
calls=1 44 
* 27
fi=(6)
133 4
fi=(5)
348 416
+98 10
fi=(6)
133 10
fi=(5)
446 10
fi=(6)
133 21
fi=(5)
365 4
+1 4
fi=(6)
133 2
fi=(5)
366 2
fi=(6)
133 4
fi=(5)
366 81
fi=(6)
133 81
fi=(5)
366 81
fi=(6)
133 163
fi=(5)
433 30
+2 30
+1 10
fi=(6)
133 10
fi=(5)
436 30
fi=(6)
133 10
fi=(5)
436 10
fi=(6)
133 10
fe=(38)
265 22
152 16
265 21
fi=(6)
-96 1
fi=(5)
460 2
fi=(6)
169 2
+10 1
+1 3
-1 1
fi=(5)
311 1
fi=(6)
179 3
fi=(5)
314 1
-3 1
fi=(6)
179 1
fi=(5)
314 1
fi=(6)
179 2
+1 6
-1 2
fi=(5)
311 2
fi=(6)
179 6
fi=(5)
314 2
-3 2
fi=(6)
179 2
fi=(5)
314 2
+17 9
+7 123
cfi=(7)
cfn=(168)
calls=3 716 
* 1666
* 21
+1 15
+2 6
+1 4
+6 18
-10 21
fi=(6)
169 10
fi=(5)
366 9
fi=(6)
120 12
+49 4
fe=(38)
+96 40
fi=(5)
665 8
338 150
712 8
+2 12
+1 12
+1 4
cob=(3)
cfi=(44) /build/buildd/eglibc-2.15/wcsmbs/../sysdeps/i386/i686/multiarch/wcslen.S
cfn=(184) wcslen
calls=1 37 
* 13
cob=(3)
cfi=(43) /build/buildd/eglibc-2.15/string/../sysdeps/i386/i686/multiarch/memrchr.S
cfn=(182) memrchr
calls=1 45 
* 14
cob=(3)
cfi=(42) /build/buildd/eglibc-2.15/string/../sysdeps/i386/i686/multiarch/strncase.S
cfn=(180) strncasecmp
calls=1 27 
* 15
cob=(3)
cfi=(39) /build/buildd/eglibc-2.15/string/../sysdeps/i386/i686/multiarch/strnlen.S
cfn=(174) strnlen
calls=1 37 
* 83
+1 8
fe=(38)

fn=(186)
335 4
+1 4
-1 8
cfi=(3)
cfn=(4)
calls=4 52 
* 8
* 4
+1 4
-1 8
+2 8
-1 8
+2 8
+3 8
+1 20
cfi=(45)
cfn=(188) mprotect
calls=4 82 
* 40
* 8
+6 16

fl=(57) /build/buildd/eglibc-2.15/elf/../sysdeps/i386/dl-trampoline.S
fn=(264) _dl_runtime_resolve
29 12
+2 12
+2 12
+2 12
+1 12
+1 12
cfi=(58) /build/buildd/eglibc-2.15/elf/dl-runtime.c
cfn=(266) _dl_fixup
calls=12 +37 
* 9473
+1 12
+2 12
+1 12
+1 12
+1 12

fl=(29)
fn=(112)
46 3
+3 3
-3 3
cfi=(3)
cfn=(4)
calls=3 +6 
* 6
* 3
+3 21
+33 6

fl=(20) /build/buildd/eglibc-2.15/elf/dl-load.c
fn=(100) expand_dynamic_string_token
421 3
cfi=(3)
cfn=(4)
calls=1 52 
* 2
* 1
+10 2
-10 6
+10 1
cfi=(24)
cfn=(76)
calls=1 49 
* 260
* 2
+4 1
+11 5
-11 1
cfn=(102) local_strdup
calls=1 160 
* 230

fn=(102)
160 6
cfi=(3)
cfn=(4)
calls=2 52 
* 4
* 2
+1 2
-1 6
+1 2
cfi=(11)
cfn=(22)
calls=2 47 
* 205
* 2
+1 4
cfi=(16)
cfn=(42)
calls=2 -67 
* 92
* 2
+3 2
-1 4
+3 8
cfi=(17)
cfn=(48)
calls=2 44 
* 67
+1 10

fn=(126) open_path
2127 6
+1 1
-1 1
cfi=(3)
cfn=(4)
calls=1 52 
* 2
* 3
+1 1
+6 1
-6 1
+6 1
+5 1
-7 1
-1 1
+8 12
+34 3
-22 3
+7 7
cfi=(22)
cfn=(72)
calls=1 44 
* 19
* 1
+1 7
+20 32
-20 79
+3 32
+4 144
cfi=(22)
cfn=(72)
calls=16 44 
* 272
* 96
cfi=(22)
cfn=(72)
calls=16 44 
* 272
* 16
+6 16
-3 16
+3 32
+3 176
cfn=(104) open_verify
calls=16 1857 
* 848
+2 16
-2 16
+2 48
+67 6
+5 1
+2 1
-2 1
+2 4
+3 3
+13 1
+1 7
-84 48
+1 96
+6 64
+2 96
cfi=(32)
cfn=(128)
calls=16 47 
* 285
* 32
+1 4
+2 30
+7 32
-5 3

fn=(78) fillin_rpath
491 5
cfi=(3)
cfn=(4)
calls=1 52 
* 2
* 4
+2 2
+2 5
cfi=(16)
cfn=(80) strsep
calls=1 320 
* 301
* 5
cfi=(16)
cfn=(80)
calls=1 320 
* 26
* 6
+3 2
cfi=(11)
cfn=(22)
calls=1 47 
* 53
+4 1
-4 1
+4 1
+7 4
+5 2
+3 3
+4 18
+1 8
+18 4
+4 2
+1 1
-1 1
-1 4
cfi=(16)
cfn=(42)
calls=1 95 
* 46
+3 3
-3 1
+3 1
+5 1
-1 1
+2 5
cfi=(22)
cfn=(72)
calls=1 44 
* 19
+3 1
-3 1
+3 1
-2 1
+2 1
+6 4
+1 4
+1 1
-1 3
+1 15
-1 45
+4 1
-1 1
+1 1
-1 1
+1 1
+7 1
+4 1
-3 1
-1 1
+4 5
+5 3
+3 6
-14 2

fn=(96) _dl_map_object
2276 21
+7 3
-7 3
cfi=(3)
cfn=(4)
calls=3 52 
* 6
* 6
+7 6
+1 9
+3 18
+12 12
-12 18
+5 21
+1 14
+2 21
cfi=(28)
cfn=(98)
calls=7 305 
* 550
* 14
2570 7
2322 2
-1 10
+11 6
+26 4
-2 2
+2 2
cfi=(24)
cfn=(76)
calls=2 49 
* 131
* 4
2501 6
cfn=(100)
calls=1 421 
* 514
+1 1
+1 1
-4 1
+3 1
+4 10
cfn=(104)
calls=1 1857 
* 303
+3 1
-3 1
+3 1
+12 8
+2 4
+45 2
-1 2
+1 6
-1 2
+1 22
cfn=(110) _dl_map_object_from_fd
calls=2 916 
* 3389
+2 6
-2 2
+2 8
2321 4
+41 2
cfi=(11)
cfn=(22)
calls=1 47 
* 40
* 1
+2 1
-2 1
+2 1
+7 5
+35 2
+1 19
cfn=(126)
calls=1 2127 
* 2897
+6 1
-6 1
+6 1
+80 2
-80 2
+1 7
cfn=(124) cache_rpath
calls=1 688 
* 13
* 2
+7 4
+5 2
cfi=(33)
cfn=(130)
calls=1 183 
* 1859
+2 1
-2 1
+2 1
+5 3
+8 2
+27 11
cfn=(104)
calls=1 1857 
* 358
+3 1
-3 1
+3 1
+2 3
cfn=(102)
calls=1 160 
* 188
+1 2
-1 1
+1 1
-99 1
+5 1
-5 1
+5 3
+3 2
-3 1
+3 2
-3 3
+1 6
cfn=(124)
calls=1 688 
* 13
* 2
+14 4
+1 8
+1 8
cfn=(124)
calls=1 688 
* 13
* 2
-97 18
+3 2
+1 4
+1 6
cfi=(18)
cfn=(56)
calls=2 34 
* 25
* 4

fn=(64) _dl_init_paths
712 6
cfi=(3)
cfn=(4)
calls=1 52 
* 2
* 3
+15 6
cfi=(8)
cfn=(66)
calls=1 354 
* 2430
* 2
+5 2
cfi=(16)
cfn=(42)
calls=1 95 
* 46
+1 1
-1 1
-1 1
+2 1
+8 1
-1 1
+1 1
-1 4
+5 3
cfi=(16)
cfn=(42)
calls=1 95 
* 86
-1 1
+3 1
-3 1
+3 1
+15 2
+2 3
+3 2
+2 2
+7 1
-65 1
+65 1
-65 1
+42 1
-42 1
+43 1
+11 1
+3 1
+8 1
-65 1
+62 20
+1 4
-1 12
+1 60
-1 184
+3 8
-14 3
+2 3
+12 3
-7 3
-7 6
+2 3
+4 3
+1 3
-7 3
+5 3
-2 3
+3 3
-1 3
+2 3
+3 3
-3 6
+3 6
-3 3
-7 3
+10 3
-10 3
+10 6
+15 1
-11 1
+7 1
-1 1
+6 1
-5 1
+5 1
+2 4
+2 3
+32 6
+8 3
cfi=(24)
cfn=(76)
calls=1 49 
* 110
* 2
+2 3
cfi=(11)
cfn=(22)
calls=1 47 
* 53
* 11
cfi=(17)
cfn=(48)
calls=1 44 
* 32
* 1
+17 7
+2 1
+1 2
+1 1
-4 3
+2 13
+1 26
+1 13
-4 40
+8 2
cfi=(16)
cfn=(42)
calls=1 95 
* 46
+1 1
-2 1
+2 1
+6 10
cfn=(78)
calls=1 491 
* 640
+4 4
+6 1
+4 6
-72 1
-2 1
+2 2
+11 2

fn=(104)
1857 108
+36 18
-36 36
cfi=(3)
cfn=(4)
calls=18 52 
* 36
* 36
+36 18
-36 36
+36 69
+21 72
cfi=(21)
cfn=(106)
calls=18 82 
* 324
+1 18
-1 18
+1 18
+11 2
-1 2
+1 10
cfi=(21)
cfn=(108) read
calls=2 82 
* 20
* 2
+7 2
-7 4
+7 2
+16 10
cfi=(3)
cfn=(32)
calls=2 58 
* 62
* 4
+2 4
-2 4
+4 14
cfi=(3)
cfn=(32)
calls=2 58 
* 72
-4 4
+60 6
+5 4
+2 6
+6 6
+7 2
+1 2
-1 4
+1 6
+1 6
+15 82
+2 36
+4 10
+1 12
+13 2
+1 2
-1 2
+1 2
-1 2
+1 2
-2 2
+4 6
+5 1
+1 1
-13 5
cfi=(3)
cfn=(32)
calls=1 58 
* 39
* 10
cfi=(3)
cfn=(32)
calls=2 58 
* 68
* 6
+16 4
+3 1
+1 1
+1 1
+1 3
+1 3
-4 1
+1 2
+1 1
-1 2
-1 1
+4 2
+28 130

fn=(110)
916 12
cfi=(3)
cfn=(4)
calls=2 52 
* 4
* 6
+11 2
-11 2
+11 4
cfi=(25) /build/buildd/eglibc-2.15/elf/dl-debug.c
cfn=(82) _dl_debug_initialize
calls=2 49 
* 50
* 2
+4 12
cfi=(29)
cfn=(112)
calls=2 46 
* 30
* 4
+11 12
+1 14
-1 15
+1 40
+17 6
+25 4
+10 4
+22 8
+31 4
928 2
1051 20
cfi=(14)
cfn=(34)
calls=2 63 
* 1133
* 2
+1 2
-1 2
+1 2
+11 2
+2 2
-2 2
+2 2
-1 2
-1 2
+5 2
-3 2
+2 2
-3 2
+4 6
+1 4
+24 2
-19 2
+19 10
+8 2
-8 6
+8 8
+96 2
-96 8
+96 4
-95 28
+6 4
+1 8
-8 102
+1 97
+60 3
+4 1
+1 1
+1 1
-1 1
+1 1
+4 1
+3 1
-3 1
+7 4
+6 1
cfi=(35) /build/buildd/eglibc-2.15/elf/dl-tls.c
cfn=(138) _dl_next_tls_modid
calls=1 51 
* 20
* 3
+1 1
-67 28
+6 4
+1 4
-1 24
+8 20
+1 24
+1 8
+3 4
-3 8
+3 4
+1 4
-3 4
+3 4
+4 4
-7 4
+3 4
+4 4
+1 12
+5 14
+10 2
-10 14
+10 2
-46 2
+1 1
1244 4
+1 4
+1 2
-6 4
+1 2
-70 5
+78 6
+13 2
-3 2
1064 2
1262 4
1064 2
1262 8
+2 2
-2 2
+2 2
+19 20
-5 2
+5 4
cfi=(23)
cfn=(74)
calls=2 35 
* 46
+4 2
-4 2
+4 2
+7 6
+1 4
+2 2
-2 2
+2 2
+10 2
+35 16
+1 6
+2 12
+7 16
+7 2
-1 2
+1 2
+1 2
-2 2
+2 4
+1 4
-1 10
+8 4
+3 4
+11 16
cfi=(30)
cfn=(114)
calls=2 52 
* 113
+1 8
+5 4
+15 4
-73 24
+2 8
+2 24
cfi=(23)
cfn=(74)
calls=2 35 
* 46
* 4
+73 2
-77 2
+77 4
+9 4
fi=(4) /build/buildd/eglibc-2.15/elf/dynamic-link.h
115 2
fe=(20)
1416 4
fi=(4)
115 2
+4 4
+2 6
fe=(20)
913 4
fi=(4)
124 31
+15 31
-18 93
+18 2
-18 6
+2 82
+5 40
+1 24
+10 8
-18 24
+25 6
+20 8
+1 10
+1 10
+1 10
+2 6
+3 10
+2 10
+1 8
+1 10
+6 6
+7 6
+5 6
+4 6
+1 6
+12 6
+5 1
+2 1
-2 1
+2 1
+2 2
+2 2
+3 6
+2 2
+2 2
+3 6
fe=(20)
1422 8
+16 6
+19 4
+2 10
+55 6
+1 2
+3 3
cfi=(21)
cfn=(118)
calls=1 82 
* 8
* 3
cfi=(21)
cfn=(118)
calls=1 82 
* 8
* 4
+8 4
+3 6
+2 2
-2 2
+2 2
+16 4
cfi=(7)
cfn=(12) _dl_setup_hash
calls=2 861 
* 74
+4 4
+19 4
+3 2
+5 2
-8 4
+3 4
+1 2
+4 2
-5 2
+1 6
+4 2
+6 6
cfi=(14)
cfn=(50)
calls=2 34 
* 108
+4 6
+20 14
-56 6
fi=(4)
130 8
+3 8
+3 8
+2 2
-1 2
+1 6
fe=(20)
1346 5
+1 7
+1 5
-1 2
+3 4
+42 10
cfi=(23)
cfn=(74)
calls=1 35 
* 23
+3 2
fi=(4)
191 4
fe=(20)

fn=(124)
688 12
+1 3
+1 3
-2 3
+1 6
+17 12

fl=(45)
fn=(198)
82 8
+1 1

fn=(188)
82 36
+1 4

fl=(3)
fn=(4)
52 541
+1 541

fn=(32)
58 12
+2 12
+1 12
+1 12
+2 12
+1 12
+18 12
+2 12
+2 12
+2 12
+1 12
+2 12
cfn=(4)
calls=12 -40 
* 24
* 24
+1 12
+1 12
+1 12
+14 1
+1 1
+1 1
+1 1
+2 4
+1 4
+1 4
+1 4
+2 5
+1 5
+1 5
+1 5
+2 5
+1 5
+1 5
+1 5
+2 5
+1 5
+1 5
+1 5
+2 5
+3 5
+1 10
268 1
+1 1
+1 1
+1 1
+2 5
+1 5
+1 5
+1 5
+2 4
+1 4
+1 4
+1 4
+1 4
+1 4
+1 4
+1 4
+1 4
+1 4
+3 4
+1 8
+70 3
+1 3
+11 3
+1 3
+1 3
+3 6

fl=(7)
fn=(168)
716 306
476 102
716 510
477 204
716 102
cfi=(3)
cfn=(4)
calls=102 52 
* 204
* 204
477 306
+1 102
-1 102
+1 306
-1 102
+1 102
-1 204
+1 1169
-1 1169
+1 3507
-1 1169
+1 1169
-1 2338
726 102
-4 102
-4 102
+8 102
-7 204
+7 294
+5 102
+2 102
-2 102
+2 102
-2 102
-1 102
+7 714
+8 16
-8 16
+2 2142
cfn=(170) do_lookup_x
calls=102 82 
* 42434
+3 204
-5 204
+33 204
+23 392
+1 588
+35 392
+14 294
+3 392
+5 196
+2 714
-81 32
+17 4
+1 4
-1 4
+1 4
+54 2

fn=(170)
82 510
-5 204
+5 306
cfi=(3)
cfn=(4)
calls=102 -30 
* 204
* 204
-5 714
+6 102
+5 102
230 102
114 102
-25 102
+25 102
230 204
114 102
-16 102
-3 102
+1 102
+2 204
+3 102
-3 102
+3 102
-3 211
-3 211
+1 211
+2 422
+3 211
-3 211
+3 211
+4 632
+4 624
+4 624
+7 1248
+4 936
+1 936
226 312
+1 624
+4 624
+3 312
-5 312
+5 312
+4 312
-4 624
+4 312
-1 624
+1 312
-1 624
+21 215
+24 430
462 1872
+1 72
cfi=(28)
cfn=(98)
calls=36 305 
* 2015
* 108
+3 645
+3 4
+1 24
282 1
+2 2
+3 838
+17 294
+1 196
470 98
306 98
470 490
291 33
-50 321
-1 214
+2 214
+2 107
+6 107
-6 107
+6 214
+4 468
-7 856
+2 588
+1 392
cfn=(172) check_match.8823
calls=98 132 
* 15133
+1 390
+12 20

fn=(172)
132 686
+1 98
-1 98
cfi=(3)
cfn=(4)
calls=98 -80 
* 196
* 98
+1 98
+2 196
+2 294
-2 196
+12 294
+3 346
cfi=(18)
cfn=(56)
calls=25 34 
* 1843
* 50
+5 98
-1 98
+1 98
-1 98
+1 98
+2 192
+19 192
+1 672
+46 686
-18 4
+2 4
+1 2
-1 2
+1 2
-1 2
+1 4
-1 4
+4 2
+1 5
-34 576
cfi=(18)
cfn=(56)
calls=96 34 
* 7216
* 288
+36 1
+2 2
-81 294

fn=(12)
861 4
+3 4
-3 8
cfi=(3)
cfn=(4)
calls=4 52 
* 8
* 8
+3 4
-3 8
+3 4
+4 4
+4 8
+2 4
-1 4
+3 12
+1 4
+1 8
+2 4
+1 4
+2 4
+2 4
-1 4
+1 4
-7 4
+7 4
+14 24

fl=(16)
fn=(38)
104 48
+7 8
-3 8
+3 8
-7 8
cfi=(3)
cfn=(4)
calls=8 -52 
* 16
* 8
+4 8
+3 16
+4 16
cfn=(42)
calls=8 -20 
* 415
+1 40

fn=(42)
95 40
cfi=(3)
cfn=(4)
calls=20 -43 
* 40
* 40
+1 80
cfn=(46) __libc_memalign
calls=20 -43 
* 747
+1 60

fn=(46)
53 84
cfi=(3)
cfn=(4)
calls=21 -1 
* 42
* 84
+1 84
+11 21
+1 21
-1 21
+3 42
-3 21
+3 93
+4 12
+1 6
+6 21
cfi=(23)
cfn=(74)
calls=3 -44 
* 69
+2 6
+2 9
+2 9
+3 3
+1 3
+2 18
-3 18
+1 18
+2 108
-31 3
+1 1
-2 3

fn=(80)
320 28
cfi=(3)
cfn=(4)
calls=4 52 
* 8
* 4
+3 16
+2 8
+1 4
-1 4
+1 4
+4 18
+5 4
-5 171
+5 232
+2 472
+8 59
-15 179
+18 4
+4 28

fl=(27)
fn=(92)
34 3
+4 3
+1 3
+1 3
+1 3
+4 3
+1 3
+4 3
+2 3
+4 3
+1 3

fl=(17)
fn=(48)
44 13
+1 13
+1 13
+1 13
+2 13
+1 13
+1 13
+1 13
+1 13
+1 13
+2 11
+1 11
+2 11
+1 11
+11 11
+1 11
+1 11
+1 11
+1 60
+2 11
+1 22
+2 11
+2 11
+1 11
+1 11
+4 11
-6 2
+1 2
+1 2
+4 2
+6 2
+1 2
+1 1
+1 1
+1 1
-1 1
+1 1
+1 1
+1 9
+2 2

fl=(58)
fn=(266)
74 72
+3 12
-1 12
-2 12
cfi=(3)
cfn=(4)
calls=12 -22 
* 24
* 12
+3 24
+3 24
+1 12
+1 12
-1 60
+6 12
-5 24
-1 12
+1 12
+5 12
+4 36
+4 12
-2 12
+2 24
+4 24
+1 36
+2 36
+7 36
-1 12
+11 132
cfi=(7)
cfn=(168)
calls=12 716 
* 8417
* 24
+4 36
+10 84
+16 12
-8 12
+8 36
+4 36
fi=(5)
277 36
fe=(58)
157 72

fl=(11)
fn=(22)
47 12
+2 12
+2 12
+2 12
+1 3
+2 3
+1 3
+2 2
+1 2
+2 2
+2 2
+1 2
+2 2
+2 1
+1 1
+2 1
+1 1
+26 1
+1 1
+2 1
+1 1
+2 1
+1 1
-7 20
+1 20
+2 20
+1 20
+2 20
+1 20
+2 20
+2 20
+2 20
+3 20
+1 20
+2 20
+1 20
+2 20
+1 20
+2 20
+2 20
+2 20
+3 20
+1 20
+2 20
+1 20
+2 20
+1 20
+2 19
+2 19
+2 19
+3 17
+1 17
+2 17
+1 17
+2 17
+1 17
+2 13
+2 13
+2 13
+3 11
+1 11
+2 11
+1 11
+2 11
+1 11
+2 11
+2 3
+1 3
+2 3
+1 3
+2 1
+3 1
+4 1
-4 11
+4 11

fl=(25)
fn=(82)
49 16
cfi=(3)
cfn=(4)
calls=4 +3 
* 8
* 4
+3 4
-3 12
+4 4
-1 4
+5 16
+4 2
-1 1
+1 1
+1 1
+5 1
-6 1
+6 1
-5 2
+1 1
+4 1
-4 1
+4 2
-10 9
+10 15

fn=(84) _dl_debug_state
77 2

fl=(35)
fn=(156) allocate_dtv
289 3
cfi=(3)
cfn=(4)
calls=1 52 
* 2
* 4
+8 1
-1 1
+1 3
cfi=(16)
cfn=(38)
calls=1 104 
* 69
+1 2
-2 2
+11 2
+6 6

fn=(152) _dl_determine_tlsoffset
113 5
cfi=(3)
cfn=(4)
calls=1 -61 
* 2
* 2
+6 4
+3 4
+36 3
+2 10
-2 6
+5 1
-1 1
+5 1
-4 1
-1 2
+3 4
+2 2
+12 2
-12 4
+16 4
+2 2
+1 1
-3 2
+2 2
+10 1
-12 2
+15 8
+52 1
-51 1
+51 1
+1 6

fn=(190) _dl_add_to_slotinfo
817 3
cfi=(3)
cfn=(4)
calls=1 52 
* 2
* 5
+6 1
+3 2
+5 3
+42 1
-1 1
+2 2
-1 2
+1 4

fn=(192) _dl_allocate_tls_init
377 6
cfi=(3)
cfn=(4)
calls=1 52 
* 2
* 1
+1 1
-1 1
+1 1
+4 1
+3 1
+5 1
-6 1
-2 1
+8 3
+5 8
+6 4
-25 2
+47 2
+1 6
+2 2
+1 3
+8 3
+1 1
-1 1
+2 6
cfi=(22)
cfn=(72)
calls=1 44 
* 16
* 6
cfi=(30)
cfn=(114)
calls=1 52 
* 33
-42 4
+6 5
+3 1
+1 2
+6 1
+3 1
-3 2
+2 2
+38 2
+3 7

fn=(154) _dl_allocate_tls_storage
329 3
cfi=(3)
cfn=(4)
calls=1 52 
* 2
* 4
+2 1
+11 4
cfi=(16)
cfn=(46)
calls=1 53 
* 73
+1 1
-1 1
+1 1
+7 1
+4 318
+11 2
cfn=(156)
calls=1 -76 
* 95
+1 2
+5 6

fn=(138)
51 3
cfi=(3)
cfn=(4)
calls=1 +1 
* 2
* 4
+3 3
+48 2
+4 6

fl=(1) ???
fn=(0) 0x000011d0
0 2
cfi=(2)
cfn=(2) _dl_start
calls=1 368 
0 104296
0 2
cfn=(202) 0x000011c0
calls=1 0 
0 2
0 17
cfi=(46)
cfn=(206)
calls=1 93 
0 7566
0 3
cob=(5)
cfi=(56)
cfn=(256) 0x08048670
calls=1 0 
0 1914144

fn=(202)
0 2

fn=(336) _dl_sysinfo_int80
0 28

fl=(2)
fn=(28) process_envvars
2561 6
cfi=(3)
cfn=(4)
calls=1 52 
* 2
* 3
+8 2
-7 1
+7 1
-7 1
+7 2
-4 1
2727 1
2564 1
+5 1
2727 2
2571 2
cfi=(13)
cfn=(30)
calls=1 30 
* 85
* 4
cfi=(13)
cfn=(30)
calls=2 30 
* 296
* 9
+4 46
+1 19
-1 57
+3 4
+6 12
2733 2
+4 3
+33 2
+22 6
2660 6
cfi=(3)
cfn=(32)
calls=1 58 
* 35
* 3
-53 6
cfi=(3)
cfn=(32)
calls=1 58 
* 30
* 3
+7 6
cfi=(3)
cfn=(32)
calls=1 58 
* 36
* 3
+2 2
+1 1
+45 2
+1 1

fn=(90)
801 4
cfi=(21)
cfn=(70) 0x00018ba7
calls=4 84 
* 8
* 4
+3 8

fn=(2)
368 7
cfi=(3)
cfn=(4)
calls=1 52 
* 2
* 2
+18 2
fi=(4)
121 1
fi=(5)
-61 1
fe=(2)
386 1
fi=(5)
60 2
fe=(2)
415 1
fi=(4)
121 1
fe=(2)
412 1
fi=(4)
121 4
+7 20
+1 12
+10 4
fe=(2)
367 8
fi=(4)
121 12
+2 36
+15 13
+1 13
fe=(2)
367 26
fi=(4)
121 39
+18 1
fe=(2)
367 2
fi=(4)
121 4
+25 2
+20 4
+1 4
+1 4
+1 4
+5 4
+2 4
+1 4
+1 4
+6 3
+3 2
+13 3
+1 3
+4 3
+2 3
+3 3
+1 3
fe=(2)
543 3
291 1
550 1
291 86
+12 2
cfi=(7)
cfn=(12)
calls=1 861 
* 37
+1 2
+1 2
+1 2
+1 2
+21 2
+10 3
-10 1
+4 1
+6 2
cfi=(8)
cfn=(14)
calls=1 89 
* 103491
* 1
+9 1
+3 2
+4 1
-4 2
+4 1
575 7
fi=(4)
130 4
+3 4
fe=(2)
548 30
fi=(6)
93 1
-1 2
+3 2
+25 2
fi=(5)
633 1
fi=(6)
121 1
fi=(5)
633 1
fi=(6)
121 1
fe=(2)
367 2
fi=(6)
121 20
fi=(5)
633 20
fi=(6)
120 11
fi=(5)
634 11
fi=(6)
120 22
+5 3
+8 2
fi=(5)
404 3
fi=(6)
133 3
+13 1
fi=(5)
339 1
fi=(6)
148 2
-2 1
fi=(5)
311 1
fi=(6)
146 3
fi=(5)
311 1
+28 2
+3 4
fi=(6)
146 7
fi=(5)
339 7
fi=(6)
148 14
-2 7
fi=(5)
311 7
fi=(6)
146 21
fi=(5)
311 7
+28 14
+3 28
+6 56
fi=(4)
136 4
+1 1
+1 3
fi=(5)
352 8
fi=(6)
133 25
fe=(2)

fn=(52)
843 4
+1 4
+1 4

fn=(150) init_tls.part.3
722 3
cfi=(3)
cfn=(4)
calls=1 52 
* 2
* 2
+17 1
-4 1
+4 3
cfi=(16)
cfn=(38)
calls=1 104 
* 69
-4 1
+15 1
-12 1
-3 1
+11 1
+4 1
+2 1
-1 2
+3 8
+4 1
+2 1
-7 1
-1 2
+1 3
-1 8
+10 2
+3 1
cfi=(35)
cfn=(152)
calls=1 113 
* 85
+7 1
cfi=(35)
cfn=(154)
calls=1 329 
* 514
+1 1
-1 1
+1 1
+6 1
+8 1
-8 1
+8 13
+3 1
-3 4
+4 1
+3 5

fn=(54)
849 4
+1 4
+1 4

fn=(94)
631 1
+2 1
-2 2
+2 7
cfi=(20)
cfn=(96)
calls=1 2276 
* 2807
* 2
+2 3

fn=(26)
896 6
cfi=(3)
cfn=(4)
calls=1 52 
* 2
* 2
+19 2
+3 2
+4 2
+1 2
+5 2
+3 2
cfn=(28)
calls=1 2561 
* 705
+7 4
1126 7
cfi=(14)
cfn=(34)
calls=1 63 
* 275
* 1
+2 1
-2 1
+2 1
+1 2
+1 1
+1 2
-2 1
+6 1
-5 1
+1 2
+4 2
cfi=(14)
cfn=(50)
calls=1 34 
* 46
+1 2
905 1
1157 1
+8 1
-3 1
+3 3
-8 1
+1 1
+2 1
+5 1
+56 1
-34 1
+21 1
+13 1
902 1
1187 1
+34 2
-13 3
-42 24
-1 27
+1 47
-1 3
1268 4
+3 2
+2 2
+2 3
+13 3
+1 8
cfi=(18)
cfn=(56)
calls=1 34 
* 9
* 2
+17 2
fi=(4)
106 2
+9 2
+4 1
+2 1
-2 1
+2 6
+3 30
-3 15
+18 15
fe=(2)
892 30
fi=(4)
121 49
+18 4
fe=(2)
892 8
fi=(4)
121 12
+2 38
+5 16
+1 15
fe=(2)
1261 2
+1 2
+1 1
-6 2
+1 1
-88 3
+1 1
+50 6
-1 2
+2 4
+1 1
+3 2
+1 2
-1 2
+1 2
+1 2
+1 6
+1 2
-43 1
-2 2
+2 1
+7 1
-10 1
+10 2
+18 2
-37 3
+1 1
fi=(4)
146 4
+38 4
+7 3
+5 4
+4 4
+1 3
+12 4
+14 4
+7 4
fe=(2)
1311 2
cfi=(7)
cfn=(12)
calls=1 861 
* 37
+3 2
+20 3
+94 1
cfi=(9)
cfn=(60) _dl_discover_osversion
calls=1 67 
* 100
* 8
+5 2
cfi=(20)
cfn=(64)
calls=1 712 
* 4046
+3 3
cfi=(25)
cfn=(82)
calls=1 49 
* 32
* 1
+2 1
+5 3
+4 1
+1 1
+2 1
-2 1
-1 3
+1 2
+3 2
+5 1
-7 1
+7 1
+5 1
+2 2
+2 1
-1 1
892 2
1465 1
+4 1
+1 2
+1 2
-1 1
+1 2
+2 2
+1 2
+5 3
+5 3
911 1
1665 4
+3 2
+4 3
+5 2
+1 1
cfi=(25)
cfn=(84)
calls=1 77 
* 1
+4 3
+15 4
+4 3
+31 5
cfi=(21)
cfn=(68)
calls=1 82 
* 18
* 2
+77 4
+17 2
+1 3
-1 1
+1 6
cfi=(31)
cfn=(120) _dl_map_object_deps
calls=1 149 
* 9768
* 1
+1 1
+2 3
+3 1
-3 1
+3 5
+1 3
-1 2
+1 9
-1 6
+4 3
+1 3
+1 1
+2 2
+1 12
-1 6
+47 2
+2 1
-2 2
+1 3
-1 1
+2 1
-1 1
+1 2
cfi=(26)
cfn=(140)
calls=1 198 
* 3257
+11 1
-1 1
+1 1
-1 1
+1 1
+3 3
+3 1
cfn=(158) security_init
calls=1 857 
* 28
+2 3
2137 4
+56 2
+11 1
-11 1
+4 3
+4 1
-4 2
+4 1
+3 1
+8 2
1296 1
+3 1
-5 1
+3 1
+2 2
+1 2
+4 2
fi=(4)
130 4
fe=(2)
2258 5
+7 1
+2 2
+1 1
-1 1
+1 3
+1 1
+2 4
-2 4
+2 12
+5 8
+2 8
+5 4
+2 8
+1 33
cfi=(38)
cfn=(162)
calls=3 154 
* 72375
+4 14
+1 2
cfi=(35)
cfn=(190)
calls=1 817 
* 26
* 4
-22 10
+24 1
+2 3
+6 1
-6 1
+6 2
+9 5
+1 1
+5 2
cfi=(35)
cfn=(192)
calls=1 377 
* 140
+4 2
+14 3
+2 4
+15 2
+3 1
-1 1
+1 1
-3 1
+3 6
cfi=(38)
cfn=(162)
calls=1 154 
* 6106
+1 1
+2 4
+8 1
cfi=(8)
cfn=(194)
calls=1 252 
* 1
+4 3
+20 3
cfi=(25)
cfn=(82)
calls=1 49 
* 25
+1 1
+1 1
cfi=(25)
cfn=(84)
calls=1 77 
* 1
+4 1
cfi=(33)
cfn=(196)
calls=1 309 
* 27
+5 6
fi=(4)
133 4
fe=(2)
1842 1
+13 1
-1 1
+1 1
-1 1
+1 1
+2 1
+2 3
+2 1
-4 1
+5 1
-1 2
+14 2
+1 2
+1 3
2139 1
904 2
1852 2
1330 3
fi=(4)
136 4
+1 1
+1 3
fe=(2)
1457 4
-11 4
729 1
-4 1
+4 1
-4 1
+4 2
cfn=(150)
calls=1 -7 
* 747
* 2
1708 2
cfi=(11)
cfn=(22)
calls=1 47 
* 121
* 10
cfi=(17)
cfn=(48)
calls=1 44 
* 39
* 1
+3 2
+7 2
-7 2
-12 2
+19 1
-4 4
cfi=(16)
cfn=(80)
calls=1 320 
* 890
* 4
cfi=(16)
cfn=(80)
calls=1 320 
* 26
* 6
+1 2
+1 3
+2 5
cfn=(86) do_preload
calls=1 810 
* 2916
* 2
+2 1
+1 2
+1 3
fi=(4)
191 2
fe=(2)
2280 1
+1 1
-3 2
1813 4
+1 1
-1 3
+4 1
+1 1
-1 1
+2 2
+1 2

fn=(86)
810 5
cfi=(3)
cfn=(4)
calls=1 52 
* 2
* 2
+6 1
+6 3
-5 1
+5 1
-10 1
+6 1
+4 1
-2 1
+2 3
cfi=(26)
cfn=(88)
calls=1 160 
* 2882
* 2
+1 2
+10 3
+4 5

fn=(142)
663 1
+2 1
-2 2
cfi=(3)
cfn=(4)
calls=1 52 
* 2
* 3
+2 3
cfi=(36)
cfn=(144)
calls=1 387 
* 3200
* 2
+4 4

fn=(158)
857 3
cfi=(3)
cfn=(4)
calls=1 52 
* 2
* 2
+2 1
fi=(37) /build/buildd/eglibc-2.15/elf/../sysdeps/unix/sysv/linux/dl-osinfo.h
74 2
+23 1
+2 2
fe=(2)
861 1
+6 3
+2 1
fi=(37)
114 2
+11 1
fe=(2)
872 1
+2 1
+6 1
+1 4

fl=(9)
fn=(60)
67 5
cfi=(3)
cfn=(4)
calls=1 -15 
* 2
* 2
+2 4
+40 3
cfi=(19)
cfn=(62)
calls=1 -27 
* 8
+15 1
-15 2
+20 1
-1 1
+3 15
+2 6
+2 3
-2 6
+2 9
+7 3
-1 3
+2 3
+2 13
+8 1
+1 7
-4 2

fl=(21)
fn=(106)
82 171
+1 35
cfn=(70)
calls=16 +1 
* 32
* 96

fn=(70)
84 46

fn=(118)
82 21
+1 3

fn=(108)
82 18
+1 2

fn=(68)
82 24
+1 6
cfn=(70)
calls=3 +1 
* 6
* 18

fl=(31)
fn=(122)
62 2
+3 2
-3 8
+7 2
-2 2
-2 2
+2 2
-2 20
cfi=(20)
cfn=(96)
calls=2 2276 
* 7945
* 4
+5 10

fn=(120)
149 7
+1 1
+22 1
-22 3
+15 1
-16 1
+1 3
+15 1
+1 1
-2 1
+2 1
+6 1
-23 1
cfi=(3)
cfn=(4)
calls=1 -97 
* 2
* 1
+23 3
+10 2
-14 1
+14 2
-36 1
+36 3
+1 1
-1 1
-18 1
+2 1
-1 1
+7 1
+10 1
-10 3
+10 7
+23 1
-19 3
+21 1
-2 1
349 1
208 4
349 1
212 1
+1 1
-1 1
+5 1
+4 3
-9 3
+1 3
-1 3
+5 3
+4 9
+12 12
+2 2
+11 2
-4 2
-1 2
-6 2
+7 2
-7 2
+5 2
+3 4
+3 14
+50 6
+1 5
-51 176
+1 88
+6 12
cfi=(24)
cfn=(76)
calls=2 49 
* 191
* 6
+2 2
+4 4
-1 12
cfi=(26)
cfn=(88)
calls=2 -98 
* 8117
+2 2
-2 2
+2 4
+15 2
+2 4
+11 2
-6 6
+8 2
-3 2
-2 2
+1 2
+2 2
+4 12
-59 12
-19 2
477 12
+2 8
+3 2
-1 6
cfi=(16)
cfn=(42)
calls=2 95 
* 92
+2 4
-2 2
+2 2
+4 2
-1 2
+1 14
cfi=(17)
cfn=(48)
calls=2 44 
* 55
+1 14
cfi=(17)
cfn=(48)
calls=2 44 
* 55
+4 2
-1 2
+5 20
+2 4
+1 23
222 26
+2 2
+2 2
-2 2
+2 6
+2 28
499 1
206 1
499 2
+4 5
+1 2
+3 5
+11 2
-1 2
cfi=(16)
cfn=(42)
calls=1 95 
* 46
+3 1
-3 1
+3 1
+5 3
+1 2
-1 1
+1 2
-1 1
+1 1
+4 16
+4 16
+4 4
-10 12
+13 3
+51 6
+2 4
+43 1
+1 1
-6 1
+5 6
+1 4
cfi=(30)
cfn=(114)
calls=1 52 
* 20
* 1
146 1
636 2
+2 1
146 1
638 1
146 1
642 2
+1 1
-1 1
+7 1
-6 1
+6 1
-6 2
+6 1
-7 4
+1 2
-1 2
+7 2
-6 2
+6 2
-6 4
+6 2
146 10
651 4
+1 4
-1 2
+1 4
+3 6
-1 9
+23 6
-28 6
+31 12
+3 16
cfi=(30)
cfn=(114)
calls=2 52 
* 35
* 8

ob=(5)
fl=(56)
fn=(278) __libc_csu_init
0 5
cfn=(280) 0x0804cff2
calls=1 0 
0 2
0 5
cob=(2)
cfi=(15)
cfn=(282)
calls=1 0 
0 31
0 11

fn=(286)
0 8

fn=(256)
0 13
cob=(3)
cfi=(59) /build/buildd/eglibc-2.15/csu/libc-start.c
cfn=(270) (below main)
calls=1 96 
0 1913117
cob=(1)
cfi=(57)
cfn=(264)
calls=1 29 
0 1014

fn=(358) Adapt_Input(_IO_FILE*, _IO_FILE*)
0 12
cob=(3)
cfi=(75) /build/buildd/eglibc-2.15/libio/fseek.c
cfn=(364) fseek
calls=1 37 
0 443
cob=(1)
cfi=(57)
cfn=(264)
calls=1 29 
0 784
0 5
cob=(3)
cfi=(75)
cfn=(364)
calls=1 37 
0 443
0 31384
cob=(3)
cfi=(82) /build/buildd/eglibc-2.15/stdio-common/fscanf.c
cfn=(392) fscanf
calls=4483 27 
0 1268981
0 6
cob=(3)
cfi=(82)
cfn=(392)
calls=1 27 
0 452
cob=(1)
cfi=(57)
cfn=(264)
calls=1 29 
0 800
0 31384
cob=(3)
cfi=(84) /build/buildd/eglibc-2.15/ctype/ctype.c
cfn=(416) isalpha
calls=4483 28 
0 49313
cob=(1)
cfi=(57)
cfn=(264)
calls=1 29 
0 824
0 22502
cob=(3)
cfi=(84)
cfn=(424) toupper
calls=3384 52 
0 57528
cob=(1)
cfi=(57)
cfn=(264)
calls=1 29 
0 840
0 16920
cob=(3)
cfi=(84)
cfn=(416)
calls=3384 28 
0 37224
0 4396
cob=(3)
cfi=(84)
cfn=(416)
calls=1099 28 
0 12089
0 18521
cob=(3)
cfi=(84)
cfn=(442) isspace
calls=1015 35 
0 11165
cob=(1)
cfi=(57)
cfn=(264)
calls=1 29 
0 848
0 27998
cob=(3)
cfi=(86) /build/buildd/eglibc-2.15/libio/fputc.c
cfn=(430) fputc
calls=4328 35 
0 238334
cob=(1)
cfi=(57)
cfn=(264)
calls=1 29 
0 808
0 4332

fn=(280)
0 2

fn=(300) main
0 7
cob=(3)
cfi=(62) /build/buildd/eglibc-2.15/libio/iofopen.c
cfn=(306) fopen@@GLIBC_2.1
calls=1 106 
0 70401
cob=(1)
cfi=(57)
cfn=(264)
calls=1 29 
0 784
0 4
cob=(3)
cfi=(62)
cfn=(306)
calls=1 106 
0 624
0 9
cfn=(358)
calls=1 0 
0 1838336
0 4
cfn=(454) Hashtable_Error_Catch(int, char const*, ...)
calls=1 0 
0 1879
0 9
cfn=(474) Hashtable_Construct(hashtable*, unsigned int)
calls=1 0 
0 833

fn=(454)
0 8
cob=(3)
cfi=(87) /build/buildd/eglibc-2.15/stdio-common/printf.c
cfn=(460) printf
calls=1 30 
0 1011
cob=(1)
cfi=(57)
cfn=(264)
calls=1 29 
0 838
0 17

ob=(1)
fl=(31)
fn=(120)
213 2
683 1
+7 3
+2 1
+1 1
+8 1
-9 1
+9 2
+3 3
+3 6
299 168
630 8
cfi=(17)
cfn=(48)
calls=1 44 
* 30
+2 3

fl=(23)
fn=(74)
35 9
+2 9
+2 9
+2 9
+3 9
+2 9
+1 9
+1 9
+2 9
+2 9
+2 9
+1 9
+1 9

ob=(5)
fl=(56)
fn=(454)
0 5

ob=(1)
fl=(23)
fn=(74)
57 9
+2 9
+3 9
+3 9
+3 9
+3 9
+3 9
+24 9
+1 9
+4 9

ob=(5)
fl=(56)
fn=(474)
0 11
cob=(3)
cfi=(90) /build/buildd/eglibc-2.15/libio/iofwrite.c
cfn=(480) fwrite
calls=1 37 
0 15
cob=(1)
cfi=(57)
cfn=(264)
calls=1 29 
0 807

fn=(292)
0 11

ob=(3)
fl=(64) /build/buildd/eglibc-2.15/malloc/hooks.c
fn=(318) malloc_hook_ini
30 3
cfi=(40) /build/buildd/eglibc-2.15/string/../sysdeps/i386/i686/multiarch/strcat.S
cfn=(176) 0x0012bd53
calls=1 +25 
* 2
* 3
+1 2
+1 1
cfi=(65) /build/buildd/eglibc-2.15/malloc/arena.c
cfn=(320) ptmalloc_init
calls=1 370 
* 68057
+2 1
-1 1
+1 2
-1 1
cfi=(63) /build/buildd/eglibc-2.15/malloc/malloc.c
cfn=(317) malloc'2
calls=1 2910 
* 1236

fl=(42)
fn=(180)
27 1
+3 1
cfi=(40)
cfn=(176)
calls=1 +25 
* 2
+1 1
+1 1
+1 1
+2 1
+1 1
+1 1
+1 1
+1 1
+1 1
+2 1
+3 1

fl=(66) /build/buildd/eglibc-2.15/elf/dl-addr.c
fn=(322) _dl_addr
127 4
+2 1
-2 2
cfi=(40)
cfn=(176)
calls=1 -72 
* 2
* 4
+5 4
cob=(1)
cfi=(2)
cfn=(52)
calls=1 843 
* 3
+3 6
-10 1
+11 5
+1 13
+1 2
-2 6
+10 4
cob=(1)
cfi=(2)
cfn=(54)
calls=1 849 
* 3
+3 7
31 3
+1 1
+3 2
+6 1
-1 1
+6 1
-5 1
-1 1
+6 1
-5 1
+2 1
-3 1
+3 2
+3 1
+5 11
+2 3
+1 2
-1 3030
+1 2020
+2 1818
+69 909
-63 909
-6 909
+69 3636
-63 2727
+63 2872
-63 4308
+2 9380
+1 19235
+7 11725
-21 4045
+49 3
+1 2
+1 3
+3 3
+12 1
+24 1
-24 1
+1 2

fl=(83) /build/buildd/eglibc-2.15/stdio-common/vfscanf.c
fn=(394) vfscanf
2978 8968
+1 4484
-1 4484
cfi=(40)
cfn=(176)
calls=4484 55 
* 8968
* 4484
+1 31388
cfn=(396) _IO_vfscanf
calls=4484 214 
* 1148365
+1 13452

fn=(396)
214 4484
+11 4484
-11 22420
cfi=(40)
cfn=(176)
calls=4484 55 
* 8968
* 13452
+11 4484
-11 4484
320 4484
-95 8968
+89 4484
-88 4484
-1 4484
+89 4484
-88 4484
+94 31389
+3 31388
+4 8968
+8 4484
+6 4484
-6 4484
+8 13452
+15 4484
-15 4484
+15 35872
+5 8968
+4 4484
-92 4484
-2 4484
-1 4484
+95 4484
-98 4484
-4 4484
-1 4484
-1 4484
-1 4484
-12 4484
-20 4484
-10 4484
-1 4484
-1 4484
367 8968
+37 8968
+25 4484
+1 4484
-1 4484
+1 4484
+26 4483
-89 13449
2925 4483
223 4483
2925 8966
+10 13452
+2 8968
+3 13452
+3 8968
+17 13449
+6 31388
320 8966
475 4484
-6 4484
+6 17936
+49 31388
+80 22420
+5 22420
+20 31388
211 22420
493 22420
211 4484
493 4484
+21 17936
+7 4484
-7 4484
+10 17936
2935 62776
358 71744
691 8968
1366 8966
-2 8966
729 4484
-35 13452
+35 4484
-35 4484
+35 17936
+3 44825
+59 4481
-59 4481
+59 8962
-59 2
+59 2
-59 2
+59 4
-57 4483
+57 8966
-57 8966
+61 4483
-4 8966
+4 8966
+34 4483
+2 4483
-2 4483
+2 4483
-2 4483
+2 8966
729 53808
+5 6
452 13449
839 13449
732 6
cfi=(71) /build/buildd/eglibc-2.15/libio/genops.c
cfn=(398) __uflow
calls=3 368 
* 491
* 11
2945 3

fl=(43)
fn=(182)
45 1
+2 1
cfi=(40)
cfn=(176)
calls=1 +8 
* 2
+1 1
+1 1
+1 1
+3 1
+1 1
+1 1
+1 1
+16 1
+1 1
+2 1

fl=(50) /build/buildd/eglibc-2.15/string/../sysdeps/i386/i686/multiarch/../../strrchr.S
fn=(236) __GI_strrchr
37 1
+3 1
+3 1
+1 1
+2 1
+7 1
+1 1
+1 1
+1 1
+13 1
+1 1
+1 1
+1 1
+1 1
+2 1
+1 1
+1 1
+2 1
+1 1
+79 1
+1 1
+1 1
+1 1
+1 1
+8 1
+1 1
+1 1
+3 1
+2 1
+1 1
+1 1
+11 1
-13 1
+1 1
+1 1
+11 1
+4 2
+3 2
+1 2
+4 2
+6 2
+2 2
+1 2
+3 2
+1 2
+1 2
+1 2
+2 2
+2 1
+1 1
+1 1
+3 1
+1 1
+1 1
+1 1
+2 1
+65 1
+8 1
+1 1
+2 1
+1 1
+2 1
+1 1
+2 1
+1 1
+15 1
+3 1
+5 1

fl=(78) /build/buildd/eglibc-2.15/io/../sysdeps/unix/sysv/linux/fxstat64.c
fn=(376) __fxstat64@@GLIBC_2.2
46 2
+3 2
-3 2
cfi=(40)
cfn=(176)
calls=2 +9 
* 4
* 2
+3 8
cob=(1)
cfi=(1)
cfn=(336)
calls=2 -49 
* 4
* 6
+33 4

fl=(84)
fn=(424)
52 10152
cfi=(40)
cfn=(176)
calls=3384 +3 
* 6768
* 3384
+1 30456
+1 6768

fn=(442)
35 1015
cfi=(85) /build/buildd/eglibc-2.15/signal/../sysdeps/unix/syscall-template.S
cfn=(418) 0x0012bd57
calls=1015 +49 
* 2030
* 8120

fn=(416)
28 8966
cfi=(85)
cfn=(418)
calls=8966 +56 
* 17932
* 71728

fl=(79) /build/buildd/eglibc-2.15/misc/../sysdeps/unix/sysv/linux/i386/mmap.S
fn=(378) mmap
35 2
+2 2
+2 2
+2 2
+3 2
+2 2
+1 2
+1 2
+2 2
+2 2
+2 2
+1 2
+1 2
+1 2
+2 2
+3 2
cob=(1)
cfi=(1)
cfn=(336)
calls=2 -62 
* 4
+3 2
+3 2
+3 2
+3 2
+24 2
+1 2
+4 2

fl=(67) /build/buildd/eglibc-2.15/nptl/../nptl/sysdeps/unix/sysv/linux/register-atfork.c
fn=(324) __linkin_atfork
115 3
cfi=(40)
cfn=(176)
calls=1 -60 
* 2
* 1
+2 2
+2 4
-1 2
+2 2

fl=(85)
fn=(418)
84 19962

fl=(53)
fn=(246) intel_check_word
163 84
cfi=(40)
cfn=(176)
calls=12 55 
* 24
* 12
+1 12
-1 12
+1 12
+8 12
-2 54
273 9
170 27
+14 60
+53 66
+21 2
+14 30
+1 240
cfi=(54) /build/buildd/eglibc-2.15/stdlib/bsearch.c
cfn=(248) bsearch
calls=30 27 
* 5634
+2 60
+2 28
+14 10
+6 28
172 56
+2 60
+2 60
301 10
+1 72
-44 2
+34 6
-13 4
+2 4
+2 4

fn=(250) intel_02_known_compare
145 196
+7 196
+1 196
-1 784
+3 378
+1 392

fn=(242)
552 5
cfi=(40)
cfn=(176)
calls=1 55 
* 2
* 2
+13 3
+7 2
+2 3
cfn=(244) handle_intel
calls=1 307 
* 2481
+4 1
-4 1
+4 2
cfn=(244)
calls=1 307 
* 2498
-1 1
+3 1
-2 1
+2 1
+11 2
+18 5
+7 9
+6 2
-6 12
+6 4
+3 15
+2 3
+6 5
+26 2
+12 4
+75 2
+2 2
+1 1
+2 1
-3 1
+4 3
+1 1
+3 2
+2 1
+1 1
-1 1
+3 1
-3 1
+4 2
+1 1
-1 1
+3 6
-93 5
-88 3
cfn=(244)
calls=1 307 
* 1911
-1 1
+1 2

fn=(244)
307 9
+6 3
-6 6
+1 6
+13 6
+1 6
+2 3
-5 6
+11 12
+5 3
-5 9
+5 3
+7 15
cfn=(246)
calls=3 163 
* 2763
+1 6
+3 15
cfn=(246)
calls=3 163 
* 2028
+1 6
+3 15
cfn=(246)
calls=3 163 
* 63
+1 6
+3 15
cfn=(246)
calls=3 163 
* 1840
+1 6
-31 5
+13 3
+1 3
-1 7
+22 3
+2 4
+3 15

fl=(44)
fn=(184)
37 1
+3 1
cfi=(40)
cfn=(176)
calls=1 +15 
* 2
+1 1
+1 1
+1 1
+2 1
+1 1
+1 1
+1 1
+1 1
+3 1

fl=(88) /build/buildd/eglibc-2.15/stdio-common/vfprintf.c
fn=(462) vfprintf
211 1
+35 1
-35 5
cfi=(40)
cfn=(176)
calls=1 55 
* 2
* 3
+35 1
1298 1
246 3
1298 8
+4 6
+4 2
+1 6
+17 1
fi=(91) /build/buildd/eglibc-2.15/stdio-common/printf-parse.h
99 4
cfi=(89) /build/buildd/eglibc-2.15/string/../sysdeps/i386/strchrnul.S
cfn=(464) strchrnul
calls=1 -61 
* 14
fe=(88)
1339 1
fi=(91)
99 1
fe=(88)
1339 10
+1 13
+3 11
cfi=(72) /build/buildd/eglibc-2.15/libio/fileops.c
cfn=(466) _IO_file_xsputn@@GLIBC_2.1
calls=1 -34 
* 20
* 2
2052 3
cfi=(63)
cfn=(472) free
calls=1 2954 
* 16
cob=(1)
cfi=(57)
cfn=(264)
calls=1 29 
* 609
+1 3
cfi=(63)
cfn=(472)
calls=1 2954 
* 16
+2 9
+1 3
+3 7
1306 3
+10 1
-3 2
+30 3
+4 3
+4 11
259 1
-6 1
-3 1
1328 1
-8 1
216 2
1399 8
-3 1
-1 1
+1 1
-18 1
+1 1
+1 1
+1 1
+1 1
+1 1
+1 1
+1 1
+1 1
+1 1
+1 1
+3 1
+1 1
+7 1
2055 6
1399 4
2050 2
1648 2
+8 1
fi=(91)
99 1
fe=(88)
1656 1
fi=(91)
99 3
cfi=(89)
cfn=(464)
calls=1 -61 
* 16
fe=(88)
1660 2
fi=(91)
99 1
fe=(88)
1660 10
cfi=(72)
cfn=(466)
calls=1 1309 
* 20
* 8
+2 2
-12 2
-20 28
cfi=(72)
cfn=(466)
calls=1 1309 
* 20
* 28

fl=(71)
fn=(380) _IO_setb
404 10
cfi=(40)
cfn=(176)
calls=2 55 
* 4
* 2
+1 6
+2 4
+1 4
+1 6
+1 2
+3 8

fn=(400) _IO_default_uflow
439 9
+1 12
cfi=(72)
cfn=(402) _IO_file_underflow@@GLIBC_2.1
calls=3 558 
* 310
+1 6
+2 8
+1 9
-2 2

fn=(370) _IO_doallocbuf
419 10
cfi=(40)
cfn=(176)
calls=2 55 
* 4
* 2
+1 6
+6 8
-4 4
+1 8
cfi=(77) /build/buildd/eglibc-2.15/libio/filedoalloc.c
cfn=(372) _IO_file_doallocate
calls=2 99 
* 264
* 4

fn=(338) _IO_no_init
648 4
+1 2
-1 2
cfi=(40)
cfn=(176)
calls=2 55 
* 4
* 14
+1 6
cfn=(340) _IO_old_init
calls=2 -35 
* 54
+3 2
-2 2
+2 2
+15 2
-13 2
+1 2
+1 2
+1 2
+1 2
+1 2
+1 2
+1 2
+1 2
+1 2
+1 2
+1 2
+2 2
+3 2
+1 12

fn=(398)
368 15
cfi=(40)
cfn=(176)
calls=3 55 
* 6
* 3
+2 24
+6 9
+3 9
+2 9
+6 9
+7 12
cfn=(400)
calls=3 +45 
* 356
+1 12
-25 3
+1 3
-1 3
+4 9
+18 9

fn=(340)
614 4
+1 4
+1 2
+1 2
+1 2
+1 2
+1 2
+1 2
+1 2
+1 2
+1 2
+1 2
+2 2
+1 2
+1 2
+1 2
+1 2
+2 2
+3 6
+1 8

fn=(432) __overflow
244 10
cfi=(40)
cfn=(176)
calls=2 55 
* 4
* 2
+2 6
+1 4
+1 6
cfi=(72)
cfn=(434) _IO_file_overflow@@GLIBC_2.1
calls=1 850 
* 59
* 6
cfi=(72)
cfn=(434)
calls=1 850 
* 187
+1 8

fn=(344) _IO_link_in
104 20
cfi=(40)
cfn=(176)
calls=4 -49 
* 8
* 8
+1 4
-1 4
+1 8
+4 2
-2 4
+2 10
+1 20
+2 2
-2 2
+1 2
+1 2
-2 2
+2 2
-2 2
+2 26
+2 2
-2 2
+4 2
+2 2
-4 2
+1 2
+3 14
+2 4
-1 2
+1 14
+1 4
+3 24
-6 14

fn=(404) _IO_switch_to_get_mode
187 9
+1 9
+3 9
+4 3
+1 3
-1 3
+1 3
+7 3
-4 3
+2 6
+3 3
-1 3
+2 9

fl=(60) /build/buildd/eglibc-2.15/stdlib/cxa_atexit.c
fn=(274) __internal_atexit
34 2
cfi=(40)
cfn=(176)
calls=1 +21 
* 2
* 2
+1 3
cfn=(276) __new_exitfn
calls=1 +38 
* 52
+2 2
+4 3
+2 1
+1 2
+1 2
+2 1
+1 1
+1 3

fn=(276)
73 1
+6 1
-6 1
+6 1
-6 4
cfi=(40)
cfn=(176)
calls=1 -18 
* 2
* 1
+6 4
+2 8
+2 3
-2 2
+10 1
-10 2
+45 1
+1 2
+3 4
+3 7
-35 2
+14 1
+1 2
-19 2

fn=(272) __cxa_atexit
57 2
cfi=(40)
cfn=(176)
calls=1 -2 
* 2
* 2
+1 9
cfn=(274)
calls=1 -24 
* 76
+1 3

fl=(59)
fn=(270)
96 5
cfi=(40)
cfn=(176)
calls=1 -41 
* 2
* 4
+10 4
+52 1
-52 1
+52 1
+1 4
cfi=(60)
cfn=(272)
calls=1 57 
* 94
+22 4
+3 2
+1 8
cob=(5)
cfi=(56)
cfn=(278)
calls=1 0 
* 54
+4 4
+15 2
+9 3
cfi=(61) /build/buildd/eglibc-2.15/setjmp/../sysdeps/i386/bsd-_setjmp.S
cfn=(298) _setjmp
calls=1 36 
* 16
+1 2
+5 2
+1 2
+3 2
+3 8
cob=(5)
cfi=(56)
cfn=(300)
calls=1 0 
* 1912890
106 2

fl=(87)
fn=(460)
30 3
cfi=(40)
cfn=(176)
calls=1 +25 
* 2
* 1
+4 1
+1 7
cfi=(88)
cfn=(462)
calls=1 211 
* 994
+4 3

fl=(52)
fn=(240)
41 2
cfi=(40)
cfn=(176)
calls=1 +14 
* 2
* 1
-8 4
+10 2

fl=(55)
fn=(252)
78 3
cfi=(40)
cfn=(176)
calls=1 -23 
* 2
* 1
+1 3
+13 3

fl=(77)
fn=(372)
99 10
cfi=(40)
cfn=(176)
calls=2 -44 
* 4
* 4
+15 4
-15 2
+14 2
+1 16
cfi=(72)
cfn=(374) _IO_file_stat
calls=2 1246 
* 54
* 4
+2 8
+11 4
-14 2
+14 4
+1 6
+3 14
cfi=(79)
cfn=(378)
calls=2 -96 
* 50
* 4
+1 12
cfi=(71)
cfn=(380)
calls=2 404 
* 46
+1 2
+1 12

fl=(65)
fn=(320)
370 5
cfi=(40)
cfn=(176)
calls=1 55 
* 2
* 2
+1 3
+9 1
-8 1
+8 2
+7 3
+1 1
-1 1
+1 12
cfi=(67)
cfn=(324)
calls=1 115 
* 16
+2 5
-58 4
+2 110
+16 55
-18 165
455 2
+5 2
+1 2
+2 1
+1 6
-83 5
cfi=(66)
cfn=(322)
calls=1 127 
* 67640
* 3
+1 4
-47 2
+1 2

fl=(75)
fn=(364)
37 10
cfi=(40)
cfn=(176)
calls=2 +18 
* 4
* 4
+3 30
+1 20
cfi=(76) /build/buildd/eglibc-2.15/libio/ioseekoff.c
cfn=(366) _IO_seekoff_unlocked
calls=2 +4 
* 770
* 6
fi=(81) /build/buildd/eglibc-2.15/libio/libioP.h
984 2
fe=(75)
41 2
fi=(81)
984 4
+1 22
fe=(75)
44 12

fl=(48)
fn=(232)
53 3
cfi=(40)
cfn=(176)
calls=1 +2 
* 2
* 7
+6 3
+17 1
-2 1
+1 1
+1 1
+14 4
cfi=(49) /build/buildd/eglibc-2.15/misc/init-misc.c
cfn=(234) __init_misc
calls=1 -59 
* 110
+13 5
-5 1
cfi=(51) /build/buildd/eglibc-2.15/ctype/ctype-info.c
cfn=(238) __ctype_init
calls=1 -67 
* 27
-30 2
-9 1
+9 3

fl=(62)
fn=(306)
106 4
+1 2
-1 2
cfi=(40)
cfn=(176)
calls=2 -51 
* 4
* 2
+1 10
cfn=(308) __fopen_internal
calls=2 -39 
* 70995
+1 6

fn=(308)
68 6
cfi=(40)
cfn=(176)
calls=2 -13 
* 4
* 6
+11 2
-3 4
cfi=(63)
cfn=(316) malloc
calls=2 2910 
* 69523
cob=(1)
cfi=(57)
cfn=(264)
calls=1 -47 
* 649
+2 2
-2 2
+2 2
+3 4
+3 16
cfi=(71)
cfn=(338)
calls=2 648 
* 134
+4 4
+1 4
cfi=(72)
cfn=(342) _IO_file_init@@GLIBC_2.1
calls=2 +59 
* 214
+4 16
cfi=(72)
cfn=(346) _IO_file_fopen@@GLIBC_2.1
calls=2 259 
* 361
+2 2
-2 4
+2 2
cfn=(356) __fopen_maybe_mmap
calls=2 -52 
* 20
* 2
+5 12

fn=(356)
43 6
cfi=(40)
cfn=(176)
calls=2 +12 
* 4
* 2
+2 4
+15 4

fl=(41) /build/buildd/eglibc-2.15/csu/../sysdeps/x86_64/multiarch/init-arch.c
fn=(178) __init_cpu_features
45 1
+8 1
-8 2
cfi=(40)
cfn=(176)
calls=1 +10 
* 2
* 2
+8 3
+3 1
-11 2
+8 1
+3 5
+92 2
+22 1
-1 1
+1 1
+2 1
+1 3
-1 1
+1 3
32 5
+7 1
-1 1
+1 3
+26 1
-27 1
-6 1
+6 1
-6 1
+37 2
-37 1
+33 1
+4 1
-4 1
+5 1
-38 1
+33 1
+5 1
+5 1
+2 1
-2 1
+3 1
+1 4
+11 1
-32 1
+32 1

fl=(72)
fn=(374)
1246 2
+2 14
cfi=(78)
cfn=(376)
calls=2 46 
* 34
+4 4

fn=(444) _IO_do_write@@GLIBC_2.1
514 1
+2 1
-2 2
+2 6
cfn=(446) new_do_write
calls=1 +10 
* 112
* 4
+1 3

fn=(348) _IO_file_open
226 16
cfi=(40)
cfn=(176)
calls=2 55 
* 4
* 2
+4 6
-4 4
+4 2
-1 2
-3 4
+4 6
-1 2
+4 2
cfi=(73) /build/buildd/eglibc-2.15/io/../sysdeps/unix/syscall-template.S
cfn=(350) open
calls=2 82 
* 28
* 2
+4 4
+3 4
+1 2
-1 2
-1 2
+1 4
+1 2
-1 2
+1 2
+7 4
cfi=(71)
cfn=(344)
calls=2 104 
* 38
+2 14

fn=(466)
1309 3
+7 3
-7 12
cfi=(40)
cfn=(176)
calls=3 55 
* 6
* 9
+6 3
-6 3
+6 3
+81 18

fn=(368) _IO_file_seekoff@@GLIBC_2.1
978 18
cfi=(40)
cfn=(176)
calls=2 55 
* 4
* 2
+7 2
-7 2
+6 4
-6 2
+7 2
-1 2
+3 6
+11 10
+4 6
+13 4
+45 10
+4 16
-59 6
+5 4
cfi=(71)
cfn=(370)
calls=2 419 
* 310
+1 2
+4 2
-4 6
+1 6
+3 2
+62 2
+4 4
+4 14
+1 2
-1 4
+1 2
-1 2
+1 6
+1 2
-1 2
+1 10
+5 14
cfn=(382) _IO_file_seek
calls=2 1233 
* 102
+1 2
-1 4
+1 2
+2 6
985 6
-1 4
1087 4
+8 6
+15 14
+3 6
+2 2
-5 2
+2 2
+1 2
+2 2
-1 2
-2 4
+26 2
-26 2
+26 14

fn=(406) _IO_file_read
1221 9
+3 21
cfi=(73)
cfn=(408) read
calls=3 82 
* 42

fn=(382)
1233 4
+2 4
-2 2
cfi=(40)
cfn=(176)
calls=2 55 
* 4
* 2
+2 16
cfi=(80) /build/buildd/eglibc-2.15/misc/../sysdeps/unix/sysv/linux/llseek.c
cfn=(384) llseek
calls=2 31 
* 64
+4 6

fn=(402)
558 15
cfi=(40)
cfn=(176)
calls=3 55 
* 6
* 6
+8 3
-8 3
+8 6
+6 9
+3 9
+13 6
+20 6
cfi=(71)
cfn=(404)
calls=3 187 
* 66
+6 3
+5 3
-5 6
+1 3
+2 3
-1 6
+3 21
cfn=(406)
calls=3 1221 
* 72
+2 6
+10 4
-3 2
+3 8
+1 12
+1 4
+1 18
-11 1
+1 1
+6 2

fn=(342)
148 10
cfi=(40)
cfn=(176)
calls=2 -93 
* 4
* 2
+5 2
-1 4
+3 4
cfi=(71)
cfn=(344)
calls=2 -51 
* 178
+2 2
-1 2
+1 6

fn=(346)
259 12
+11 2
-11 2
cfi=(40)
cfn=(176)
calls=2 55 
* 4
* 4
+11 4
+2 8
436 14
281 1
-1 1
-1 1
-25 2
+43 4
-43 2
+43 32
+6 1
+2 1
-3 2
-7 2
+43 22
cfn=(348)
calls=2 226 
* 160
+3 2
-3 2
+3 2
+17 12
cfi=(74) /build/buildd/eglibc-2.15/string/../string/strstr.c
cfn=(354) __GI_strstr
calls=2 53 
* 52
+1 2
-1 2
+1 2
-83 1
-16 1
+15 2

fn=(434)
850 10
cfi=(40)
cfn=(176)
calls=2 55 
* 4
* 6
+1 2
-1 2
+1 4
+7 8
+35 4
+3 4
+3 4
+1 2
-1 4
+1 4
+1 4
+4 4
+1 12
-45 4
+12 2
+9 4
+5 1
+2 1
-2 1
+3 1
-6 1
+1 1
+1 1
+4 1
-1 1
+1 3
+7 4
+1 1
-1 9
cfn=(444)
calls=1 514 
* 129
* 3

fn=(446)
526 3
+2 1
-2 2
cfi=(40)
cfn=(176)
calls=1 55 
* 2
* 3
+2 1
-2 1
+2 1
+15 7
cfn=(448) _IO_file_write@@GLIBC_2.1
calls=1 1282 
* 60
* 1
+1 3
+7 1
-4 1
+4 1
-4 3
+1 2
+3 2
-2 1
+4 7
-18 4
+9 2
+6 3

fn=(448)
1282 1
+2 1
-2 6
+2 4
+11 1
+1 1
-12 2
+5 8
cfi=(73)
cfn=(450) write
calls=1 82 
* 14
* 1
+1 2
+9 4
+1 7
+2 5
-18 3

fl=(73)
fn=(352) __open_nocancel
82 12
cob=(1)
cfi=(1)
cfn=(336)
calls=2 -82 
* 4
* 8

fn=(450)
82 2
cfn=(452) __write_nocancel
calls=1 * 
* 12

fn=(410) __read_nocancel
82 18
cob=(1)
cfi=(1)
cfn=(336)
calls=3 -82 
* 6
* 12

fn=(350)
82 4
cfn=(352)
calls=2 * 
* 24

fn=(452)
82 6
cob=(1)
cfi=(1)
cfn=(336)
calls=1 -82 
* 2
* 4

fn=(408)
82 6
cfn=(410)
calls=3 * 
* 36

fl=(39)
fn=(174)
37 1
+3 1
cfi=(40)
cfn=(176)
calls=1 +15 
* 2
+1 1
+1 1
+1 1
+1 1
cfi=(41)
cfn=(178)
calls=1 +1 
* 69
+1 1
+1 1
+1 1
+1 1
+1 1
+3 1

fl=(68) /build/buildd/eglibc-2.15/malloc/morecore.c
fn=(330) __default_morecore
48 2
+1 6
cfi=(69) /build/buildd/eglibc-2.15/misc/sbrk.c
cfn=(332) sbrk
calls=2 -14 
* 114
+2 6
+2 4

fl=(61)
fn=(298)
36 1
+1 1
+4 1
+1 1
+1 1
+1 1
+2 2
+2 1
+1 1
+2 2
+2 1
+2 1
+2 1
+1 1

fl=(51)
fn=(238)
31 1
+2 1
-2 2
cfi=(40)
cfn=(176)
calls=1 +24 
* 2
* 2
+2 7
+2 4
+2 2
+1 2
-1 2
+1 2

fl=(89)
fn=(464)
38 2
+4 2
+1 2
+7 2
+1 2
+1 2
+1 2
+13 2
+1 2
+1 2
+1 2
+1 2
+1 1
+1 1
278 2
+5 2

fl=(63)
fn=(472)
2954 4
cfi=(40)
cfn=(176)
calls=2 55 
* 4
* 6
+5 4
+1 4
+5 4
+21 6

fn=(326) _int_malloc
3447 14
cfi=(40)
cfn=(176)
calls=2 55 
* 4
* 2
+30 2
-30 2
+30 16
+8 2
-8 2
+8 2
3930 7
3521 4
+1 4
+1 2
+2 2
-3 2
+3 4
+1 2
+38 2
cfn=(328) malloc_consolidate
calls=1 4225 
* 793
3917 2
-2 2
+2 10
-2 4
+2 30
3602 2
3917 12
3602 4
-19 10
+70 4
+58 4
+71 2
+4 2
-3 4
-1 2
+4 2
-3 2
+1 4
+1 4
+6 8
+2 18
+2 12
+96 2
+1 6
+2 4
+17 2
-7 1
-1 1
+1 2
+26 7
-34 1
+2 2
-3 1
+1 1
+2 1
-1 1
+1 3
+2 1
-2 4
+2 3
2370 1
+11 1
-11 4
+1 1
+10 2
+58 1
+9 1
-9 1
+9 1
-9 1
+9 4
+9 4
2742 2
+1 1
+5 2
+3 2
+2 1
+2 1
-3 1
+3 1
-2 1
+2 1
-1 1
+1 3
+1 1
-1 2
+3 1
-2 1
3925 8
2507 2
+19 1
-19 1
+8 1
-8 1
+19 1
-19 1
+19 1
-19 2
+19 2
+8 1
-8 1
+8 1
+1 5
cfi=(68)
cfn=(330)
calls=1 48 
* 97
+2 3
-2 1
+2 1
+2 2
+1 2
+17 2
+26 3
+1 1
+1 2
+6 1
-6 2
+6 1
+3 4
+40 5
+19 2
+3 2
+1 3
+2 2
+1 4
cfi=(68)
cfn=(330)
calls=1 48 
* 35
+12 2
-12 1
+12 1
+5 2
+1 2
+17 1
3926 1
2697 1
+1 1
-1 2
+1 1
+11 1
-13 1
+1 1
+1 1
+11 1
-84 2

fn=(328)
4225 3
+22 1
-22 3
cfi=(40)
cfn=(176)
calls=1 55 
* 2
* 3
+22 3
1913 127
+1 127
-2 127
+2 254
-2 127
+6 3
+5 2
+2 2
4320 6
1922 3

fn=(316)
2910 6
cfi=(40)
cfn=(176)
calls=2 55 
* 4
* 10
+5 4
+1 4
+3 3
+2 7
+3 3
cfn=(326)
calls=1 3447 
* 138
+1 1
-1 1
+1 1
+20 4
+1 8
+3 14
-32 4
cfi=(64)
cfn=(318)
calls=1 30 
* 69309
* 2

fn=(317)
2910 3
cfi=(40)
cfn=(176)
calls=1 55 
* 2
* 5
+5 2
+1 2
+3 3
+2 7
+3 3
cfn=(326)
calls=1 3447 
* 1187
+1 1
-1 1
+1 1
+20 4
+1 8
+3 7

fl=(49)
fn=(234)
31 5
cfi=(40)
cfn=(176)
calls=1 +24 
* 2
* 2
+1 5
+2 3
cfi=(50)
cfn=(236)
calls=1 +3 
* 80
+1 2
+3 3
+1 3
+2 5

fl=(82)
fn=(392)
27 4484
+4 4484
+1 26904
cfi=(83)
cfn=(394)
calls=4484 2978 
* 1224593
+4 8968

fl=(40)
fn=(176)
55 16778
+1 16778

fl=(69)
fn=(332)
35 6
cfi=(40)
cfn=(176)
calls=2 +20 
* 4
* 10
+8 11
+4 4
+4 3
+3 2
cfi=(70) /build/buildd/eglibc-2.15/misc/../sysdeps/unix/sysv/linux/i386/brk.c
cfn=(334) brk
calls=1 -18 
* 25
+1 3
+3 14
-14 1
+1 1
-1 1
cfi=(70)
cfn=(334)
calls=1 -8 
* 25
* 4

fl=(76)
fn=(366)
45 14
cfi=(40)
cfn=(176)
calls=2 +10 
* 4
* 2
+1 2
-1 12
+1 2
+9 16
+1 4
+15 20
cfi=(72)
cfn=(368)
calls=2 978 
* 682
+1 12

fl=(70)
fn=(334)
36 10
cfi=(40)
cfn=(176)
calls=2 +19 
* 4
* 2
+5 8
cob=(1)
cfi=(1)
cfn=(336)
calls=2 -41 
* 4
* 4
+2 4
+8 2
-6 4
+7 8

fl=(80)
fn=(384)
31 4
+5 2
-5 2
+5 4
-5 2
+5 2
-5 2
cfi=(40)
cfn=(176)
calls=2 +24 
* 4
* 2
+5 10
cob=(1)
cfi=(1)
cfn=(336)
calls=2 -36 
* 4
* 8
-2 8
+3 10

fl=(54)
fn=(248)
27 150
+20 30
-13 120
+7 70
+1 63
-8 126
+3 196
-1 392
+1 588
+1 784
cfi=(53)
cfn=(250)
calls=196 145 
* 2142
+1 392
+1 126
-6 252
+13 23
+1 180

fl=(86)
fn=(430)
35 21640
cfi=(40)
cfn=(176)
calls=4328 +20 
* 8656
* 12984
+3 4328
-3 4328
+3 60592
+1 34614
fi=(81)
984 12984
+1 47608
fe=(86)
42 30296
-3 8
cfi=(71)
cfn=(432)
calls=2 244 
* 292
* 4

fl=(90)
fn=(480)
37 2
+1 1
-1 4
cfi=(40)
cfn=(176)
calls=1 +18 
* 2
* 3
+1 1
+3 2

fl=(74)
fn=(354)
53 14
cfi=(40)
cfn=(176)
calls=2 +2 
* 4
* 2
+10 6
+2 4
+24 2
-15 2
+15 12
-26 2
-5 4

ob=(4)
fl=(47)
fn=(224)
0 5
cfn=(216) 0x00000427
calls=1 0 
0 2
0 8

fn=(216)
0 4

fn=(214)
0 4
cfn=(216)
calls=1 0 
0 2
0 9

totals: 2026032
