version: 1
creator: callgrind-3.7.0
pid: 19990
cmd:  ./a.out
part: 1


desc: I1 cache: 
desc: D1 cache: 
desc: LL cache: 

desc: Timerange: Basic block 0 - 1278167310
desc: Trigger: Program termination

positions: line
events: Ir
summary: 5301415040


ob=(2) ???
fl=(15) ???
fn=(210) 0x040252f8
0 8
cob=(4) /usr/lib/valgrind/vgpreload_core-x86-linux.so
cfi=(47) ???
cfn=(214) 0x000003f0
calls=1 0 
0 15
0 1
cob=(4)
cfi=(47)
cfn=(224) 0x00000520
calls=1 0 
0 15
0 3

fn=(572) 0x08049b3c
0 5
cob=(5) /home/aq/MIPT_Prog/Asm/Hash/a.out
cfi=(56) ???
cfn=(574) 0x080485f0
calls=1 0 
0 18
0 3

fn=(582) 0x04025558
0 5
cob=(4)
cfi=(47)
cfn=(584) 0x00000370
calls=1 0 
0 849
0 3

fn=(282) 0x08048478
0 8
cob=(5)
cfi=(56)
cfn=(286) 0x08048650
calls=1 0 
0 8
0 1
cob=(5)
cfi=(56)
cfn=(292) 0x08049b10
calls=1 0 
0 11
0 3

ob=(3) /lib/i386-linux-gnu/libc-2.15.so
fl=(79) /build/buildd/eglibc-2.15/misc/../sysdeps/unix/sysv/linux/i386/mmap.S
fn=(378) mmap
35 2
+2 2
+2 2
+2 2
+3 2
+2 2
+1 2
+1 2
+2 2
+2 2
+2 2
+1 2
+1 2
+1 2
+2 2
+3 2
cob=(1) /lib/i386-linux-gnu/ld-2.15.so
cfi=(1) ???
cfn=(336) _dl_sysinfo_int80
calls=2 -62 
* 4
+3 2
+3 2
+3 2
+3 2
+24 2
+1 2
+4 2

fl=(67) /build/buildd/eglibc-2.15/nptl/../nptl/sysdeps/unix/sysv/linux/register-atfork.c
fn=(324) __linkin_atfork
115 3
cfi=(40) /build/buildd/eglibc-2.15/string/../sysdeps/i386/i686/multiarch/strcat.S
cfn=(176) 0x0012bd53
calls=1 -60 
* 2
* 1
+2 2
+2 4
-1 2
+2 2

fl=(85) /build/buildd/eglibc-2.15/signal/../sysdeps/unix/syscall-template.S
fn=(418) 0x0012bd57
84 19962

fl=(102) /build/buildd/eglibc-2.15/posix/../sysdeps/unix/sysv/linux/i386/_exit.S
fn=(618) _Exit
25 1
+4 1
+1 1

fl=(88) /build/buildd/eglibc-2.15/stdio-common/vfprintf.c
fn=(462) vfprintf
211 10955405
+35 10955405
-35 54777025
cfi=(40)
cfn=(176)
calls=10955405 55 
* 21910810
* 32866215
+35 10955405
1298 10955405
246 32866215
1298 76687836
+4 65732430
+4 21910810
+1 65732430
+17 10955405
fi=(103) /build/buildd/eglibc-2.15/stdio-common/printf-parse.h
99 43821620
cfi=(89) /build/buildd/eglibc-2.15/string/../sysdeps/i386/strchrnul.S
cfn=(464) strchrnul
calls=10955405 -61 
* 153375670
fe=(88)
1339 10955405
fi=(103)
99 10955405
fe=(88)
1339 109554050
+1 142420265
+3 120509455
cfi=(72) /build/buildd/eglibc-2.15/libio/fileops.c
cfn=(466) _IO_file_xsputn@@GLIBC_2.1
calls=10955405 -34 
* 219108100
* 21910810
2052 32866215
cfi=(63) /build/buildd/eglibc-2.15/malloc/malloc.c
cfn=(472) free
calls=10955405 2954 
* 175286480
cob=(1)
cfi=(57) /build/buildd/eglibc-2.15/elf/../sysdeps/i386/dl-trampoline.S
cfn=(264) _dl_runtime_resolve
calls=1 29 
* 609
+1 32866215
cfi=(63)
cfn=(472)
calls=10955405 2954 
* 175286480
+2 98598645
+1 32866215
+3 76687835
1298 21910808
+8 32866215
+10 10955405
-3 21910810
+30 32866215
+4 32866215
+4 120509455
259 10955405
-6 10955405
-3 10955405
1328 10955405
-8 10955405
216 21910810
1399 87643240
-3 10955405
-1 10955405
+1 10955405
-18 10955405
+1 10955405
+1 10955405
+1 10955405
+1 10955405
+1 10955405
+1 10955405
+1 10955405
+1 10955405
+1 10955405
+1 10955405
+3 10955405
+1 10955405
+7 10955405
2055 65732430
1399 43821620
2050 21910810
1648 21910810
+8 10955405
fi=(103)
99 10955405
fe=(88)
1656 10955405
fi=(103)
99 32866215
cfi=(89)
cfn=(464)
calls=10955405 -61 
* 175286480
fe=(88)
1660 21910810
fi=(103)
99 10955405
fe=(88)
1660 109554050
cfi=(72)
cfn=(466)
calls=10955405 1309 
* 219108100
* 87643240
+2 21910810
-12 21910810
-20 306751340
cfi=(72)
cfn=(466)
calls=10955405 1309 
* 219108100
* 306751340

fl=(42) /build/buildd/eglibc-2.15/string/../sysdeps/i386/i686/multiarch/strncase.S
fn=(180) strncasecmp
27 1
+3 1
cfi=(40)
cfn=(176)
calls=1 +25 
* 2
+1 1
+1 1
+1 1
+2 1
+1 1
+1 1
+1 1
+1 1
+1 1
+2 1
+3 1

fl=(71) /build/buildd/eglibc-2.15/libio/genops.c
fn=(404) _IO_switch_to_get_mode
187 21
+1 21
+3 21
+4 7
+1 7
-1 7
+1 7
+7 7
-4 7
+2 14
+3 7
-1 7
+2 21
-16 5
cfi=(72)
cfn=(434) _IO_file_overflow@@GLIBC_2.1
calls=1 850 
* 164
* 4

fn=(506) _IO_sputbackc
727 6872
+3 5154
+1 5154
+9 1718
+3 5154
-10 1718
+1 1718
-1 3436

fn=(614) _IO_default_setbuf
562 8
+1 1
-1 1
cfi=(40)
cfn=(176)
calls=1 55 
* 2
* 1
+1 3
cfi=(72)
cfn=(616) _IO_file_sync@@GLIBC_2.1
calls=1 912 
* 22
* 2
+2 2
+2 1
+1 7
cfn=(380) _IO_setb
calls=1 404 
* 23
+7 3
+1 3
+2 7

fn=(380)
404 25
cfi=(40)
cfn=(176)
calls=5 55 
* 10
* 5
+1 19
+2 10
+1 10
+1 15
+3 3
+1 12
-3 2
+3 8
-7 14
cfi=(97) /build/buildd/eglibc-2.15/misc/../sysdeps/unix/syscall-template.S
cfn=(556) munmap
calls=2 82 
* 22
* 2

fn=(400) _IO_default_uflow
439 18
+1 24
cfi=(72)
cfn=(402) _IO_file_underflow@@GLIBC_2.1
calls=6 558 
* 620
+1 12
+2 16
+1 18
-2 4

fn=(550) _IO_unsave_markers
1116 8
cfi=(40)
cfn=(176)
calls=2 55 
* 4
* 2
+2 6
+19 6
+2 6

fn=(370) _IO_doallocbuf
419 10
cfi=(40)
cfn=(176)
calls=2 55 
* 4
* 2
+1 6
+6 8
-4 4
+1 8
cfi=(77) /build/buildd/eglibc-2.15/libio/filedoalloc.c
cfn=(372) _IO_file_doallocate
calls=2 99 
* 264
* 4

fn=(610) _IO_flush_all_lockp
823 7
cfi=(40)
cfn=(176)
calls=1 55 
* 2
* 1
+6 3
+6 1
-1 1
-10 1
+12 2
+4 3
-1 3
-1 3
+1 3
+3 9
+2 6
+1 6
+7 6
+4 3
-2 3
+2 6
+7 3
-27 6
+31 2
+2 3
+4 7
-31 9

fn=(338) _IO_no_init
648 4
+1 2
-1 2
cfi=(40)
cfn=(176)
calls=2 55 
* 4
* 14
+1 6
cfn=(340) _IO_old_init
calls=2 -35 
* 54
+3 2
-2 2
+2 2
+15 2
-13 2
+1 2
+1 2
+1 2
+1 2
+1 2
+1 2
+1 2
+1 2
+1 2
+1 2
+1 2
+2 2
+3 2
+1 12

fn=(398) __uflow
368 30
cfi=(40)
cfn=(176)
calls=6 55 
* 12
* 6
+2 48
+6 18
+3 18
+2 18
+6 18
+7 24
cfn=(400)
calls=6 +45 
* 712
+1 24
-25 6
+1 6
-1 6
+4 18
+18 18

fn=(340)
614 4
+1 4
+1 2
+1 2
+1 2
+1 2
+1 2
+1 2
+1 2
+1 2
+1 2
+1 2
+2 2
+1 2
+1 2
+1 2
+1 2
+2 2
+3 6
+1 8

fn=(432) __overflow
244 10
cfi=(40)
cfn=(176)
calls=2 55 
* 4
* 2
+2 6
+1 4
+1 6
cfi=(72)
cfn=(434)
calls=1 850 
* 59
* 6
cfi=(72)
cfn=(434)
calls=1 850 
* 187
+1 8

fn=(608) _IO_cleanup
1007 5
cfi=(40)
cfn=(176)
calls=1 55 
* 2
* 2
+3 2
cfn=(610)
calls=1 823 
* 99
-59 2
+59 1
-59 1
+11 2
-9 9
+2 2
-1 4
+3 4
+5 15
+7 5
+10 6
cfi=(72)
cfn=(612) _IO_file_setbuf@@GLIBC_2.1
calls=1 466 
* 114
+2 2
+6 3
-36 9
+71 7
-51 1
+4 1
-4 1
+2 1
+1 1
+1 1
-2 1
+3 4
+5 3
+1 11

fn=(344) _IO_link_in
104 20
cfi=(40)
cfn=(176)
calls=4 -49 
* 8
* 8
+1 4
-1 4
+1 8
+4 2
-2 4
+2 10
+1 20
+2 2
-2 2
+1 2
+1 2
-2 2
+2 2
-2 2
+2 26
+2 2
-2 2
+4 2
+2 2
-4 2
+1 2
+3 14
+2 4
-1 2
+1 14
+1 4
+3 24
-6 14

fn=(562) _IO_default_finish
687 10
cfi=(40)
cfn=(176)
calls=2 55 
* 4
* 2
+2 6
+6 6
+3 6
+6 4
cfn=(546) _IO_un_link
calls=2 64 
* 36
+6 8

fn=(546)
64 42
cfi=(40)
cfn=(176)
calls=6 -9 
* 12
* 6
+1 12
+4 12
+1 20
+2 2
-2 2
+1 2
+1 32
+2 6
+2 4
+14 4
+2 2
-2 2
+2 14
+2 2
-1 2
+1 18
+1 4
+3 36
-6 12
-13 2
+1 2
-1 4

fl=(96) /build/buildd/eglibc-2.15/libio/iofclose.c
fn=(544) fclose@@GLIBC_2.1
43 14
cfi=(40)
cfn=(176)
calls=2 +12 
* 4
* 2
+9 4
+5 8
+3 34
+4 6
-3 4
fi=(81) /build/buildd/eglibc-2.15/libio/libioP.h
984 4
+1 24
fe=(96)
66 10
cfi=(72)
cfn=(560) _IO_file_finish@@GLIBC_2.1
calls=2 207 
* 116
+1 6
+18 12
+2 2
+1 4
cfi=(63)
cfn=(472)
calls=2 2954 
* 300
+4 14
-10 6
-24 4
cfi=(71)
cfn=(546)
calls=2 +6 
* 184
* 6
+4 4
cfi=(72)
cfn=(548) _IO_file_close_it@@GLIBC_2.1
calls=2 163 
* 298
* 6

fl=(43) /build/buildd/eglibc-2.15/string/../sysdeps/i386/i686/multiarch/memrchr.S
fn=(182) memrchr
45 1
+2 1
cfi=(40)
cfn=(176)
calls=1 +8 
* 2
+1 1
+1 1
+1 1
+3 1
+1 1
+1 1
+1 1
+16 1
+1 1
+2 1

fl=(44) /build/buildd/eglibc-2.15/wcsmbs/../sysdeps/i386/i686/multiarch/wcslen.S
fn=(184) wcslen
37 1
+3 1
cfi=(40)
cfn=(176)
calls=1 +15 
* 2
+1 1
+1 1
+1 1
+2 1
+1 1
+1 1
+1 1
+1 1
+3 1

fl=(54) /build/buildd/eglibc-2.15/stdlib/bsearch.c
fn=(248) bsearch
27 150
+20 30
-13 120
+7 70
+1 63
-8 126
+3 196
-1 392
+1 588
+1 784
cfi=(53) /build/buildd/eglibc-2.15/string/../sysdeps/x86_64/cacheinfo.c
cfn=(250) intel_02_known_compare
calls=196 145 
* 2142
+1 392
+1 126
-6 252
+13 23
+1 180

fl=(87) /build/buildd/eglibc-2.15/stdio-common/printf.c
fn=(460) printf
30 32866215
cfi=(40)
cfn=(176)
calls=10955405 +25 
* 21910810
* 10955405
+4 10955405
+1 76687835
cfi=(88)
cfn=(462)
calls=10955405 211 
* 4228786938
+4 32866215

fl=(77)
fn=(372)
99 10
cfi=(40)
cfn=(176)
calls=2 -44 
* 4
* 4
+15 4
-15 2
+14 2
+1 16
cfi=(72)
cfn=(374) _IO_file_stat
calls=2 1246 
* 54
* 4
+2 8
+11 4
-14 2
+14 4
+1 6
+3 14
cfi=(79)
cfn=(378)
calls=2 -96 
* 50
* 4
+1 12
cfi=(71)
cfn=(380)
calls=2 404 
* 46
+1 2
+1 12

fl=(93) /build/buildd/eglibc-2.15/string/../sysdeps/i386/i686/multiarch/strcpy-ssse3.S
fn=(498) __strcpy_ssse3
78 78959
+1 78959
+6 78959
+1 78959
+1 28859
+1 28859
+1 28855
+1 28855
+1 23258
+1 23258
+1 17913
+1 17913
+1 11771
+1 11771
+1 7653
+1 7653
+1 5101
+1 5101
+5 1542
+1 1542
+1 514
+1 514
+1 2
+1 2
2826 50100
+1 50100
+1 50100
+10 50100
+4 4
+1 4
+1 4
+10 4
+4 5597
+1 5597
+1 5597
+1 5597
+1 5597
+10 5597
+4 5345
+1 5345
+1 5345
+10 5345
+4 6142
+1 6142
+1 6142
+1 6142
+1 6142
+10 6142
+4 4118
+1 4118
+1 4118
+1 4118
+1 4118
+10 4118
+4 2552
+1 2552
+1 2552
+1 2552
+1 2552
+10 2552
+4 3559
+1 3559
+1 3559
+6 3559
+4 1028
+1 1028
+1 1028
+1 1028
+1 1028
+10 1028
+4 512
+1 512
+1 512
+1 512
+1 512
+10 512
+4 2
+1 2
+1 2
+1 2
+1 2
+10 2

fl=(49) /build/buildd/eglibc-2.15/misc/init-misc.c
fn=(234) __init_misc
31 5
cfi=(40)
cfn=(176)
calls=1 +24 
* 2
* 2
+1 5
+2 3
cfi=(50) /build/buildd/eglibc-2.15/string/../sysdeps/i386/i686/multiarch/../../strrchr.S
cfn=(236) __GI_strrchr
calls=1 +3 
* 68
+1 2
+3 3
+1 3
+2 5

fl=(101) /build/buildd/eglibc-2.15/nptl/../nptl/sysdeps/unix/sysv/linux/unregister-atfork.c
fn=(600) __unregister_atfork
29 6
cfi=(40)
cfn=(176)
calls=1 +26 
* 2
* 3
+8 1
+3 2
+1 2
+5 1
-6 2
+82 6

fl=(65) /build/buildd/eglibc-2.15/malloc/arena.c
fn=(320) ptmalloc_init
370 5
cfi=(40)
cfn=(176)
calls=1 55 
* 2
* 2
+1 3
+9 1
-8 1
+8 2
+7 3
+1 1
-1 1
+1 12
cfi=(67)
cfn=(324)
calls=1 115 
* 16
+2 5
-58 4
+2 110
+16 55
-18 165
455 2
+5 2
+1 2
+2 1
+1 6
-83 5
cfi=(66) /build/buildd/eglibc-2.15/elf/dl-addr.c
cfn=(322) _dl_addr
calls=1 127 
* 67640
* 3
+1 4
-47 2
+1 2

fl=(75) /build/buildd/eglibc-2.15/libio/fseek.c
fn=(364) fseek
37 15
cfi=(40)
cfn=(176)
calls=3 +18 
* 6
* 6
+3 45
+1 30
cfi=(76) /build/buildd/eglibc-2.15/libio/ioseekoff.c
cfn=(366) _IO_seekoff_unlocked
calls=3 +4 
* 1214
* 9
fi=(81)
984 3
fe=(75)
41 3
fi=(81)
984 6
+1 33
fe=(75)
44 18

fl=(62) /build/buildd/eglibc-2.15/libio/iofopen.c
fn=(356) __fopen_maybe_mmap
43 6
cfi=(40)
cfn=(176)
calls=2 +12 
* 4
* 2
+2 4
+15 4

fn=(306) fopen@@GLIBC_2.1
106 4
+1 2
-1 2
cfi=(40)
cfn=(176)
calls=2 -51 
* 4
* 2
+1 10
cfn=(308) __fopen_internal
calls=2 -39 
* 70973
+1 6

fn=(308)
68 6
cfi=(40)
cfn=(176)
calls=2 -13 
* 4
* 6
+11 2
-3 4
cfi=(63)
cfn=(316) malloc
calls=2 2910 
* 69523
cob=(1)
cfi=(57)
cfn=(264)
calls=1 -47 
* 627
+2 2
-2 2
+2 2
+3 4
+3 16
cfi=(71)
cfn=(338)
calls=2 648 
* 134
+4 4
+1 4
cfi=(72)
cfn=(342) _IO_file_init@@GLIBC_2.1
calls=2 +59 
* 214
+4 16
cfi=(72)
cfn=(346) _IO_file_fopen@@GLIBC_2.1
calls=2 259 
* 361
+2 2
-2 4
+2 2
cfn=(356)
calls=2 -52 
* 20
* 2
+5 12

fl=(95) /build/buildd/eglibc-2.15/string/../sysdeps/i386/i686/multiarch/strcmp-ssse3.S
fn=(526) __strcmp_ssse3
225 64500
+1 64500
+6 64500
+1 64500
+1 64500
+1 26000
+1 26000
+2 26000
+1 26000
+1 26000
+1 26000
+1 26000
+2 26000
+1 26000
+1 26000
+1 22000
+1 22000
+2 21500
+1 21500
+1 21500
+1 21500
+1 21500
+2 4500
+1 4500
+1 4500
+1 4500
+1 4500
+2 4500
+1 4500
+1 4500
+1 4500
+1 4500
+2 2500
+1 2500
+1 2500
+1 2500
+1 2500
+2 2500
+1 2500
+1 2500
+1 2500
+1 2500
+2 500
+1 500
+2 500
+1 500
+1 500
+1 500
+1 500
+1 500
+1 500
+1 500
+1 500
+1 500
+1 500
+1 500
+1 500
+21 500
+1 500
+1 500
+1 500
+1 500
+1 500
2129 500
+1 500
+2 500
+1 500
+44 500
+1 500
+12 500
+1 500
2373 42500
+1 42500
+1 37000
+14 42500
+31 21500
+1 21500

fl=(72)
fn=(552) _IO_file_close
1273 8
cfi=(73) /build/buildd/eglibc-2.15/io/../sysdeps/unix/syscall-template.S
cfn=(554) __close_nocancel
calls=2 82 
* 20

fn=(348) _IO_file_open
226 16
cfi=(40)
cfn=(176)
calls=2 55 
* 4
* 2
+4 6
-4 4
+4 2
-1 2
-3 4
+4 6
-1 2
+4 2
cfi=(73)
cfn=(350) open
calls=2 82 
* 28
* 2
+4 4
+3 4
+1 2
-1 2
-1 2
+1 4
+1 2
-1 2
+1 2
+7 4
cfi=(71)
cfn=(344)
calls=2 104 
* 38
+2 14

fn=(466)
1309 32866215
+7 32866215
-7 131464860
cfi=(40)
cfn=(176)
calls=32866215 55 
* 65732430
* 98598645
+6 32866215
-6 32866215
+6 32866215
+81 197197290

fn=(548)
163 10
cfi=(40)
cfn=(176)
calls=2 55 
* 4
* 4
+2 2
-2 2
+2 2
+4 2
+3 2
-3 2
-1 4
+6 2
+3 2
-3 2
cfi=(71)
cfn=(550)
calls=2 1116 
* 32
+3 4
+4 6
+9 10
cfi=(71)
cfn=(380)
calls=2 404 
* 88
+1 6
+1 6
+2 4
cfi=(71)
cfn=(546)
calls=2 64 
* 36
+5 2
-4 2
+4 2
-3 2
+1 4
+3 14
-23 8
cfn=(552)
calls=2 1273 
* 28
* 4

fn=(368) _IO_file_seekoff@@GLIBC_2.1
978 27
cfi=(40)
cfn=(176)
calls=3 55 
* 6
* 3
+7 3
-7 3
+6 6
-6 3
+7 3
-1 4
+3 9
+11 12
+4 6
+13 8
+45 15
+4 25
+1 1
-1 2
+1 2
+3 2
-1 1
+1 4
-1 2
+1 1
-1 1
+2 1
-2 2
+2 2
-70 1
+1 2
-1 1
cfi=(71)
cfn=(404)
calls=1 187 
* 195
* 2
+3 3
+3 6
+5 4
cfi=(71)
cfn=(370)
calls=2 419 
* 310
+1 2
+4 2
-4 6
+1 6
+3 2
+62 2
+4 6
+4 21
+1 3
-1 6
+1 3
-1 3
+1 9
+1 3
-1 3
+1 15
+5 21
cfn=(382) _IO_file_seek
calls=3 1233 
* 153
+1 3
-1 6
+1 3
+2 9
985 8
-1 4
1087 6
+8 9
+15 21
+3 9
+2 3
-5 3
+2 3
+1 3
+2 3
-1 3
-2 6
+26 3
-26 3
+26 21
-69 2

fn=(406) _IO_file_read
1221 18
+3 42
cfi=(73)
cfn=(408) read
calls=6 82 
* 84

fn=(382)
1233 6
+2 6
-2 3
cfi=(40)
cfn=(176)
calls=3 55 
* 6
* 3
+2 24
cfi=(80) /build/buildd/eglibc-2.15/misc/../sysdeps/unix/sysv/linux/llseek.c
cfn=(384) llseek
calls=3 31 
* 96
+4 9

fn=(402)
558 30
cfi=(40)
cfn=(176)
calls=6 55 
* 12
* 12
+8 6
-8 6
+8 12
+6 18
+3 18
+13 12
+20 12
cfi=(71)
cfn=(404)
calls=6 187 
* 132
+6 6
+5 6
-5 12
+1 6
+2 6
-1 12
+3 42
cfn=(406)
calls=6 1221 
* 144
+2 12
+10 8
-3 4
+3 16
+1 24
+1 8
+1 36
-11 2
+1 2
+6 4

fn=(342)
148 10
cfi=(40)
cfn=(176)
calls=2 -93 
* 4
* 2
+5 2
-1 4
+3 4
cfi=(71)
cfn=(344)
calls=2 -51 
* 178
+2 2
-1 2
+1 6

fn=(346)
259 12
+11 2
-11 2
cfi=(40)
cfn=(176)
calls=2 55 
* 4
* 4
+11 4
+2 8
436 14
281 1
-1 1
-1 1
-25 2
+43 4
-43 2
+43 32
+6 1
+2 1
-3 2
-7 2
+43 22
cfn=(348)
calls=2 226 
* 160
+3 2
-3 2
+3 2
+17 12
cfi=(74) /build/buildd/eglibc-2.15/string/../string/strstr.c
cfn=(354) __GI_strstr
calls=2 53 
* 52
+1 2
-1 2
+1 2
-83 1
-16 1
+15 2

fn=(434)
850 15
cfi=(40)
cfn=(176)
calls=3 55 
* 6
* 9
+1 3
-1 3
+1 6
+7 14
+35 6
+3 4
+3 4
+1 2
-1 4
+1 4
+1 4
+4 4
+1 18
-45 4
+12 2
+9 4
+5 1
+2 1
-2 1
+3 1
-6 1
+1 1
+1 1
+4 1
-1 1
+1 3
+7 4
+1 1
-1 3
-2 1
-1 1
+1 1
-1 3
cfn=(444) _IO_do_write@@GLIBC_2.1
calls=1 514 
* 129
* 1
+3 6
cfn=(444)
calls=1 514 
* 129
* 3

fn=(446) new_do_write
526 6
+2 2
-2 4
cfi=(40)
cfn=(176)
calls=2 55 
* 4
* 6
+2 2
-2 2
+2 2
+15 14
cfn=(448) _IO_file_write@@GLIBC_2.1
calls=2 1282 
* 120
* 2
+1 6
+7 2
-4 2
+4 2
-4 6
+1 4
+3 4
-2 2
+4 14
-18 8
+9 4
+6 6

fn=(612)
466 1
+1 1
-1 2
cfi=(40)
cfn=(176)
calls=1 55 
* 2
* 3
+1 5
cfi=(71)
cfn=(614)
calls=1 +95 
* 86
* 2
+4 2
-1 2
+2 3
+3 5

fn=(448)
1282 2
+2 2
-2 12
+2 8
+11 2
+1 2
-12 4
+5 16
cfi=(73)
cfn=(450) write
calls=2 82 
* 28
* 2
+1 4
+9 8
+1 14
+2 10
-18 6

fn=(560)
207 10
cfi=(40)
cfn=(176)
calls=2 55 
* 4
* 2
+1 4
+6 6
cfi=(71)
cfn=(562)
calls=2 687 
* 82
+1 8

fn=(616)
912 5
cfi=(40)
cfn=(176)
calls=1 55 
* 2
* 1
+5 4
+2 1
+1 2
+17 3
+4 4

fn=(374)
1246 2
+2 14
cfi=(78) /build/buildd/eglibc-2.15/io/../sysdeps/unix/sysv/linux/fxstat64.c
cfn=(376) __fxstat64@@GLIBC_2.2
calls=2 46 
* 34
+4 4

fn=(444)
514 2
+2 2
-2 4
+2 12
cfn=(446)
calls=2 +10 
* 224
* 8
+1 6

fl=(92) /build/buildd/eglibc-2.15/string/../sysdeps/i386/i686/multiarch/strcpy.S
fn=(496) strcpy
77 1
+3 1
cfi=(40)
cfn=(176)
calls=1 -25 
* 2
+1 1
+1 1
+1 1
+2 1
+1 1
+1 1
+1 1
+1 1
+1 1
+1 1
+1 1
+1 1
+1 1
+3 1

fl=(73)
fn=(352) __open_nocancel
82 12
cob=(1)
cfi=(1)
cfn=(336)
calls=2 -82 
* 4
* 8

fn=(554)
82 8
cob=(1)
cfi=(1)
cfn=(336)
calls=2 -82 
* 4
* 8

fn=(450)
82 4
cfn=(452) __write_nocancel
calls=2 * 
* 24

fn=(410) __read_nocancel
82 36
cob=(1)
cfi=(1)
cfn=(336)
calls=6 -82 
* 12
* 24

fn=(350)
82 4
cfn=(352)
calls=2 * 
* 24

fn=(452)
82 12
cob=(1)
cfi=(1)
cfn=(336)
calls=2 -82 
* 4
* 8

fn=(408)
82 12
cfn=(410)
calls=6 * 
* 72

fl=(94) /build/buildd/eglibc-2.15/string/../sysdeps/i386/i686/multiarch/strcmp.S
fn=(524) strcmp
67 1
+3 1
cfi=(40)
cfn=(176)
calls=1 -15 
* 2
+1 1
+1 1
+1 1
+2 1
+1 1
+1 1
+1 1
+1 1
+1 1
+2 1
+3 1

fl=(53)
fn=(246) intel_check_word
163 84
cfi=(40)
cfn=(176)
calls=12 55 
* 24
* 12
+1 12
-1 12
+1 12
+8 12
-2 54
273 9
170 27
+14 60
+53 66
+21 2
+14 30
+1 240
cfi=(54)
cfn=(248)
calls=30 27 
* 5634
+2 60
+2 28
+14 10
+6 28
172 56
+2 60
+2 60
301 10
+1 72
-44 2
+34 6
-13 4
+2 4
+2 4

fn=(250)
145 196
+7 196
+1 196
-1 784
+3 378
+1 392

fn=(242) init_cacheinfo
552 5
cfi=(40)
cfn=(176)
calls=1 55 
* 2
* 2
+13 3
+7 2
+2 3
cfn=(244) handle_intel
calls=1 307 
* 2481
+4 1
-4 1
+4 2
cfn=(244)
calls=1 307 
* 2498
-1 1
+3 1
-2 1
+2 1
+11 2
+18 5
+7 9
+6 2
-6 12
+6 4
+3 15
+2 3
+6 5
+26 2
+12 4
+75 2
+2 2
+1 1
+2 1
-3 1
+4 3
+1 1
+3 2
+2 1
+1 1
-1 1
+3 1
-3 1
+4 2
+1 1
-1 1
+3 6
-93 5
-88 3
cfn=(244)
calls=1 307 
* 1911
-1 1
+1 2

fn=(244)
307 9
+6 3
-6 6
+1 6
+13 6
+1 6
+2 3
-5 6
+11 12
+5 3
-5 9
+5 3
+7 15
cfn=(246)
calls=3 163 
* 2763
+1 6
+3 15
cfn=(246)
calls=3 163 
* 2028
+1 6
+3 15
cfn=(246)
calls=3 163 
* 63
+1 6
+3 15
cfn=(246)
calls=3 163 
* 1840
+1 6
-31 5
+13 3
+1 3
-1 7
+22 3
+2 4
+3 15

fl=(68) /build/buildd/eglibc-2.15/malloc/morecore.c
fn=(330) __default_morecore
48 43
+1 129
cfi=(69) /build/buildd/eglibc-2.15/misc/sbrk.c
cfn=(332) sbrk
calls=43 -14 
* 2533
+2 129
+2 86

fl=(89)
fn=(464)
38 21910810
+4 21910810
+1 21910810
+7 21910810
+1 21910810
+1 21910810
+1 21910810
+13 21910810
+1 21910810
+1 21910810
+1 21910810
+1 21910810
+1 10955405
+1 10955405
278 21910810
+5 21910810

fl=(60) /build/buildd/eglibc-2.15/stdlib/cxa_atexit.c
fn=(274) __internal_atexit
34 2
cfi=(40)
cfn=(176)
calls=1 +21 
* 2
* 2
+1 3
cfn=(276) __new_exitfn
calls=1 +38 
* 52
+2 2
+4 3
+2 1
+1 2
+1 2
+2 1
+1 1
+1 3

fn=(276)
73 1
+6 1
-6 1
+6 1
-6 4
cfi=(40)
cfn=(176)
calls=1 -18 
* 2
* 1
+6 4
+2 8
+2 3
-2 2
+10 1
-10 2
+45 1
+1 2
+3 4
+3 7
-35 2
+14 1
+1 2
-19 2

fn=(272) __cxa_atexit
57 2
cfi=(40)
cfn=(176)
calls=1 -2 
* 2
* 2
+1 9
cfn=(274)
calls=1 -24 
* 76
+1 3

fl=(63)
fn=(316)
2910 6
cfi=(40)
cfn=(176)
calls=2 55 
* 4
* 10
+5 4
+1 4
+3 3
+2 7
+3 3
cfn=(326) _int_malloc
calls=1 3447 
* 138
+1 1
-1 1
+1 1
+20 4
+1 8
+3 14
-32 4
cfi=(64) /build/buildd/eglibc-2.15/malloc/hooks.c
cfn=(318) malloc_hook_ini
calls=1 30 
* 69309
* 2

fn=(317) malloc'2
2910 3
cfi=(40)
cfn=(176)
calls=1 55 
* 2
* 5
+5 2
+1 2
+3 3
+2 7
+3 3
cfn=(326)
calls=1 3447 
* 1187
+1 1
-1 1
+1 1
+20 4
+1 8
+3 7

fn=(472)
2954 43821626
cfi=(40)
cfn=(176)
calls=21910813 55 
* 43821626
* 65732439
+5 43821626
+1 43821626
+5 43821626
+3 3
+2 9
+14 9
+1 3
+1 6
-1 3
cfn=(538) _int_free
calls=3 3938 
* 363
+1 65732430

fn=(480) calloc
3251 631696
cfi=(40)
cfn=(176)
calls=78962 55 
* 157924
* 78962
+10 236886
+3 315848
+8 157924
+1 157924
+10 789620
+7 78962
+8 157924
-7 78962
-1 78962
+1 78962
+7 157924
+7 236886
cfn=(326)
calls=78962 3447 
* 11383890
+3 78962
-3 78962
+3 710658
+23 315848
+4 236886
+46 98
-36 78962
-3 78962
+3 157924
-13 78962
+13 157924
+10 78962
+1 157924
+1 157924
+2 157924
+7 14
-3 14
+1 14
+1 14
+1 14
+3 14
-2 14
+1 14
+1 14
+3 14
-2 14
+1 14
+1 14
-27 236886
+15 315792
cfi=(90) /build/buildd/eglibc-2.15/string/../sysdeps/i386/i686/multiarch/../memset.S
cfn=(482) __GI_memset
calls=78948 52 
* 2838812
+21 552636

fn=(326)
3447 552748
cfi=(40)
cfn=(176)
calls=78964 55 
* 157928
* 78964
+30 78964
-30 78964
+30 631712
+8 78964
-8 78964
+8 78964
+1 2583
+2 861
-2 861
+6 861
-4 861
+4 861
3930 294
3521 157928
+1 157926
+1 78963
+2 78963
-3 78963
+3 157926
+1 2
+36 4
+1 2
+1 2
cfn=(328) malloc_consolidate
calls=1 4225 
* 793
3917 78964
-2 78964
+2 394820
-2 157928
+2 1184460
3602 78964
3917 473784
3602 157928
-19 394820
+70 157928
+58 157928
+71 78964
+4 78964
-3 157928
-1 78964
+4 78964
-3 78964
+1 157928
+1 157928
+6 315856
+2 947556
+2 710664
+96 78964
+1 236892
+2 157928
+17 84
-7 78922
-1 78922
+1 157844
+26 552454
3712 3
+3 3
3562 3
3896 78922
+2 157844
-3 78922
+1 78922
+2 78922
-1 78922
+1 236766
+2 78922
-2 315688
+2 157886
2370 42
+11 42
-11 168
+1 42
+10 84
+58 42
+9 42
-9 42
+9 42
-9 42
+9 371
+6 123
-6 2
+9 168
2742 84
+1 42
+5 84
+3 84
+2 42
+2 42
-3 42
+3 42
-2 42
+2 42
-1 42
+1 126
+1 42
-1 84
+3 42
-2 42
3925 336
2507 84
+19 42
-19 42
+8 42
-8 42
+19 42
-19 42
+19 42
-19 84
+19 84
+8 42
-8 42
+8 42
+1 210
cfi=(68)
cfn=(330)
calls=42 48 
* 2885
+2 126
-2 42
+2 42
+2 84
+1 84
+17 84
+26 126
+1 1
+1 2
+6 1
-6 2
+6 1
-6 82
+6 41
-6 82
+6 123
+1 205
+2 4
+40 5
+19 2
+3 2
+1 3
+2 2
+1 4
cfi=(68)
cfn=(330)
calls=1 48 
* 35
+12 2
-12 1
+12 1
+5 2
+1 2
+17 1
3926 1
2697 1
+1 1
-1 2
+1 1
+11 1
-13 1
+1 1
+1 1
+11 1
-84 2

fn=(538)
3938 21
+13 3
-13 6
cfi=(40)
cfn=(176)
calls=3 55 
* 6
* 3
+13 6
+6 9
-19 3
+19 3
+1 6
+10 6
+13 6
+72 6
+1 3
3949 3
4054 6
+18 12
+6 3
-10 3
+10 3
+8 9
+7 6
+1 3
-2 3
+2 6
+6 9
+4 6
+7 9
+5 6
+4 1
+9 1
-1 1
+1 1
-1 1
+2 2
-1 2
-1 2
+1 2
-1 2
+2 4
+7 3
-2 3
+1 3
+1 3
+2 3
+1 3
+2 3
+1 3
+2 9
-3 3
+4 3
+30 6
4063 21
+2 6
+52 28
+1 4
+78 9
+1 9
+1 15
+10 18
4080 9
-2 6

fn=(328)
4225 3
+22 1
-22 3
cfi=(40)
cfn=(176)
calls=1 55 
* 2
* 3
+22 3
1913 127
+1 127
-2 127
+2 254
-2 127
+6 3
+5 2
+2 2
4320 6
1922 3

fl=(100) /build/buildd/eglibc-2.15/stdlib/cxa_finalize.c
fn=(598) __cxa_finalize
31 5
cfi=(40)
cfn=(176)
calls=1 +24 
* 2
* 3
+4 4
+4 7
-4 3
+32 3
+4 8
-4 3
+12 2
+1 1
+2 5
-2 1
cfi=(101)
cfn=(600)
calls=1 -51 
* 25

fl=(41) /build/buildd/eglibc-2.15/csu/../sysdeps/x86_64/multiarch/init-arch.c
fn=(178) __init_cpu_features
45 1
+8 1
-8 2
cfi=(40)
cfn=(176)
calls=1 +10 
* 2
* 2
+8 3
+3 1
-11 2
+8 1
+3 5
+92 2
+22 1
-1 1
+1 1
+2 1
+1 3
-1 1
+1 3
32 5
+7 1
-1 1
+1 3
+26 1
-27 1
-6 1
+6 1
-6 1
+37 2
-37 1
+33 1
+4 1
-4 1
+5 1
-38 1
+33 1
+5 1
+5 1
+2 1
-2 1
+3 1
+1 4
+11 1
-32 1
+32 1

fl=(50)
fn=(236)
37 1
+3 1
+3 1
+1 1
+2 1
+7 1
+1 1
+1 1
+1 1
+13 1
+1 1
+1 1
+1 1
+1 1
+2 1
+1 1
+1 1
+2 1
+1 1
+79 1
+1 1
+1 1
+1 1
+1 1
+8 1
+1 1
+1 1
+3 1
+2 1
+1 1
+1 1
+11 1
-13 1
+1 1
+1 1
+11 1
+4 2
+3 2
+1 2
+4 2
+6 1
+2 1
+1 1
+3 1
+1 1
+1 1
+1 1
+2 1
+85 1
+1 1
+2 1
+1 1
+2 1
+1 1
+2 1
+1 1
+2 1
+1 1
+1 1
+2 1
+1 1
+8 1
+3 1
+5 1

fl=(39) /build/buildd/eglibc-2.15/string/../sysdeps/i386/i686/multiarch/strnlen.S
fn=(174) strnlen
37 1
+3 1
cfi=(40)
cfn=(176)
calls=1 +15 
* 2
+1 1
+1 1
+1 1
+1 1
cfi=(41)
cfn=(178)
calls=1 +1 
* 69
+1 1
+1 1
+1 1
+1 1
+1 1
+3 1

fl=(59) /build/buildd/eglibc-2.15/csu/libc-start.c
fn=(270) (below main)
96 5
cfi=(40)
cfn=(176)
calls=1 -41 
* 2
* 4
+10 4
+52 1
-52 1
+52 1
+1 4
cfi=(60)
cfn=(272)
calls=1 57 
* 94
+22 4
+3 2
+1 8
cob=(5)
cfi=(56)
cfn=(278) __libc_csu_init
calls=1 0 
* 54
+4 4
+15 2
+9 3
cfi=(61) /build/buildd/eglibc-2.15/setjmp/../sysdeps/i386/bsd-_setjmp.S
cfn=(298) _setjmp
calls=1 36 
* 16
+1 2
+5 2
+1 2
+3 2
+3 8
cob=(5)
cfi=(56)
cfn=(300) main
calls=1 0 
* 5301300905
+32 2
cfi=(98) /build/buildd/eglibc-2.15/stdlib/exit.c
cfn=(564) exit
calls=1 99 
* 1802
106 2

fl=(97)
fn=(556)
82 10
cob=(1)
cfi=(1)
cfn=(336)
calls=2 -82 
* 4
* 6
+1 2

fl=(52) /build/buildd/eglibc-2.15/elf/dl-altinit.c
fn=(240) dlinit_alt
41 2
cfi=(40)
cfn=(176)
calls=1 +14 
* 2
* 1
-8 4
+10 2

fl=(55) /build/buildd/eglibc-2.15/libio/oldstdfiles.c
fn=(252) _IO_check_libio
78 3
cfi=(40)
cfn=(176)
calls=1 -23 
* 2
* 1
+1 3
+13 3

fl=(82) /build/buildd/eglibc-2.15/stdio-common/fscanf.c
fn=(392) fscanf
27 5344
+4 5344
+1 32064
cfi=(83) /build/buildd/eglibc-2.15/stdio-common/vfscanf.c
cfn=(394) vfscanf
calls=5344 2978 
* 1616991
+4 10688

fl=(69)
fn=(332)
35 129
cfi=(40)
cfn=(176)
calls=43 +20 
* 86
* 215
+8 298
+4 86
+4 126
+3 84
cfi=(70) /build/buildd/eglibc-2.15/misc/../sysdeps/unix/sysv/linux/i386/brk.c
cfn=(334) brk
calls=42 -18 
* 1050
+1 126
+3 301
-14 1
+1 1
-1 1
cfi=(70)
cfn=(334)
calls=1 -8 
* 25
* 4

fl=(76)
fn=(366)
45 21
cfi=(40)
cfn=(176)
calls=3 +10 
* 6
* 3
+1 3
-1 18
+1 3
+9 24
+1 6
+15 30
cfi=(72)
cfn=(368)
calls=3 978 
* 1075
+1 18
-17 3
+1 4

fl=(70)
fn=(334)
36 215
cfi=(40)
cfn=(176)
calls=43 +19 
* 86
* 43
+5 172
cob=(1)
cfi=(1)
cfn=(336)
calls=43 -41 
* 86
* 86
+2 86
+8 43
-6 86
+7 172

fl=(80)
fn=(384)
31 6
+5 3
-5 3
+5 6
-5 3
+5 3
-5 3
cfi=(40)
cfn=(176)
calls=3 +24 
* 6
* 3
+5 15
cob=(1)
cfi=(1)
cfn=(336)
calls=3 -36 
* 6
* 12
-2 12
+3 15

fl=(86) /build/buildd/eglibc-2.15/libio/fputc.c
fn=(430) fputc
35 21640
cfi=(40)
cfn=(176)
calls=4328 +20 
* 8656
* 12984
+3 4328
-3 4328
+3 60592
+1 34614
fi=(81)
984 12984
+1 47608
fe=(86)
42 30296
-3 8
cfi=(71)
cfn=(432)
calls=2 244 
* 292
* 4

fl=(74)
fn=(354)
53 14
cfi=(40)
cfn=(176)
calls=2 +2 
* 4
* 2
+10 6
+2 4
+24 2
-15 2
+15 12
-26 2
-5 4

fl=(40)
fn=(176)
55 76864380
+1 76864380

fl=(61)
fn=(298)
36 1
+1 1
+4 1
+1 1
+1 1
+1 1
+2 2
+2 1
+1 1
+2 2
+2 1
+2 1
+2 1
+1 1

fl=(64)
fn=(318)
30 3
cfi=(40)
cfn=(176)
calls=1 +25 
* 2
* 3
+1 2
+1 1
cfi=(65)
cfn=(320)
calls=1 370 
* 68057
+2 1
-1 1
+1 2
-1 1
cfi=(63)
cfn=(317)
calls=1 2910 
* 1236

fl=(51) /build/buildd/eglibc-2.15/ctype/ctype-info.c
fn=(238) __ctype_init
31 1
+2 1
-2 2
cfi=(40)
cfn=(176)
calls=1 +24 
* 2
* 2
+2 7
+2 4
+2 2
+1 2
-1 2
+1 2

fl=(48) /build/buildd/eglibc-2.15/csu/../sysdeps/unix/sysv/linux/init-first.c
fn=(232) _init
53 3
cfi=(40)
cfn=(176)
calls=1 +2 
* 2
* 7
+6 3
+17 1
-2 1
+1 1
+1 1
+14 4
cfi=(49)
cfn=(234)
calls=1 -59 
* 98
+13 5
-5 1
cfi=(51)
cfn=(238)
calls=1 -67 
* 27
-30 2
-9 1
+9 3

fl=(66)
fn=(322)
127 4
+2 1
-2 2
cfi=(40)
cfn=(176)
calls=1 -72 
* 2
* 4
+5 4
cob=(1)
cfi=(2) /build/buildd/eglibc-2.15/elf/rtld.c
cfn=(52) rtld_lock_default_lock_recursive
calls=1 843 
* 3
+3 6
-10 1
+11 5
+1 13
+1 2
-2 6
+10 4
cob=(1)
cfi=(2)
cfn=(54) rtld_lock_default_unlock_recursive
calls=1 849 
* 3
+3 7
31 3
+1 1
+3 2
+6 1
-1 1
+6 1
-5 1
-1 1
+6 1
-5 1
+2 1
-3 1
+3 2
+3 1
+5 11
+2 3
+1 2
-1 3030
+1 2020
+2 1818
+69 909
-63 909
-6 909
+69 3636
-63 2727
+63 2872
-63 4308
+2 9380
+1 19235
+7 11725
-21 4045
+49 3
+1 2
+1 3
+3 3
+12 1
+24 1
-24 1
+1 2

fl=(83)
fn=(394)
2978 10688
+1 5344
-1 5344
cfi=(40)
cfn=(176)
calls=5344 55 
* 10688
* 5344
+1 37408
cfn=(396) _IO_vfscanf
calls=5344 214 
* 1526143
+1 16032

fn=(396)
214 5344
+11 5344
-11 26720
cfi=(40)
cfn=(176)
calls=5344 55 
* 10688
* 16032
+11 5344
-11 5344
320 5344
-95 10688
+89 5344
-88 5344
-1 5344
+89 5344
-88 5344
+94 37409
+3 37408
+4 10688
+8 5344
+6 5344
-6 5344
+8 16032
+15 5344
-15 5344
+15 42752
+5 10688
+4 5344
-92 5344
-2 5344
-1 5344
+95 5344
-98 5344
-4 5344
-1 5344
-1 5344
-1 5344
-12 5344
-20 5344
-10 5344
-1 5344
-1 5344
367 10688
+37 10688
+25 5344
+1 5344
-1 5344
+1 5344
+26 5342
-89 16026
2925 5342
223 5342
2925 10684
+10 16032
+2 10688
+3 16032
+3 10688
+17 16026
+6 37408
320 10686
475 5344
-6 5344
+6 21376
+49 37408
+80 26720
+5 28440
+20 13455
-19 5160
+3 1720
+1 1720
-1 860
+1 3440
+6 15468
+3 5151
-3 2
+3 1729
+1 860
-13 1720
+13 860
-13 860
+14 5154
cfi=(71)
cfn=(506)
calls=859 727 
* 15462
* 859
+4 23953
211 26720
493 26720
211 5344
493 5344
+21 21376
+7 5344
-7 5344
+10 21376
2935 74816
358 85504
1011 1720
691 8968
1366 10684
-2 10684
729 4484
-35 13452
+35 4484
-35 4484
+35 17936
+3 44825
+59 4481
-59 4481
+59 8962
-59 2
+59 2
-59 2
+59 4
-57 4483
+57 8966
-57 8966
+61 4483
-4 8966
+4 8966
+34 4483
+2 4483
-2 4483
+2 4483
-2 4483
+2 8966
1013 4300
+2 7733
+10 1718
-10 859
+10 2577
+71 5154
-3 10404
+2 10404
+1 3468
-1 6936
+1 6936
+42 27744
1025 3468
1138 3468
1025 12122
+2 4295
cfi=(71)
cfn=(506)
calls=859 727 
* 15462
1140 2577
+40 2577
+2 859
-2 859
+2 859
729 53808
1013 10320
+2 4
+2 6
734 6
452 13449
839 13449
732 6
cfi=(71)
cfn=(398)
calls=3 368 
* 491
* 11
2945 6
620 9
cfi=(71)
cfn=(398)
calls=3 368 
* 491
* 16

fl=(90)
fn=(482)
52 78948
+1 78948
+2 78948
+1 78948
+5 78948
+2 78948
+1 78948
+2 78948
+1 78948
+12 78948
+1 78948
+1 78948
+2 78948
+2 1417748
+2 78948
+1 78948
+5 78948
+3 78948
+8 78948

fl=(98)
fn=(564)
99 2
cfi=(40)
cfn=(176)
calls=1 -44 
* 2
* 2
+1 6
cfn=(566) __run_exit_handlers
calls=1 -63 
* 1790

fn=(566)
37 6
cfi=(40)
cfn=(176)
calls=1 +18 
* 2
* 5
+50 1
-45 3
+37 1
-33 2
+33 1
-33 2
+3 1
-1 4
+2 1
-2 1
+2 4
+24 1
+4 2
-2 2
+2 2
cob=(1)
cfi=(99) /build/buildd/eglibc-2.15/elf/dl-fini.c
cfn=(568) _dl_fini
calls=1 +55 
* 1408
+1 1
+4 1
+1 1
-1 1
+1 1
+6 2
+1 5
cfi=(71)
cfn=(608)
calls=1 1007 
* 321
* 3
+2 2
cfi=(102)
cfn=(618)
calls=1 -68 
* 3

fl=(78)
fn=(376)
46 2
+3 2
-3 2
cfi=(40)
cfn=(176)
calls=2 +9 
* 4
* 2
+3 8
cob=(1)
cfi=(1)
cfn=(336)
calls=2 -49 
* 4
* 6
+33 4

fl=(84) /build/buildd/eglibc-2.15/ctype/ctype.c
fn=(442) isspace
35 1015
cfi=(85)
cfn=(418)
calls=1015 +49 
* 2030
* 8120

fn=(416) isalpha
28 8966
cfi=(85)
cfn=(418)
calls=8966 +56 
* 17932
* 71728

fn=(424) toupper
52 10152
cfi=(40)
cfn=(176)
calls=3384 +3 
* 6768
* 3384
+1 30456
+1 6768

ob=(5)
fl=(56)
fn=(486) Elem_Construct(elem**, char const*)
0 1840200
cob=(3)
cfi=(63)
cfn=(480)
calls=78100 3251 
0 21014944
0 702900
cfn=(488) Elem_Is_OK(elem*)
calls=78100 0 
0 781000
0 312400
cfn=(454) Hashtable_Error_Catch(int, char const*, ...)
calls=78100 0 
0 33817300
0 546700
cob=(3)
cfi=(93)
cfn=(498)
calls=78100 78 
0 907800
cob=(1)
cfi=(57)
cfn=(264)
calls=1 29 
0 828
0 1171500
cfn=(488)
calls=78100 0 
0 781000
0 312400
cfn=(454)
calls=78100 0 
0 33817300
0 546700

fn=(358) Adapt_Input(_IO_FILE*, _IO_FILE*)
0 12
cob=(3)
cfi=(75)
cfn=(364)
calls=1 37 
0 443
cob=(1)
cfi=(57)
cfn=(264)
calls=1 29 
0 784
0 5
cob=(3)
cfi=(75)
cfn=(364)
calls=1 37 
0 443
0 31384
cob=(3)
cfi=(82)
cfn=(392)
calls=4483 27 
0 1268981
0 6
cob=(3)
cfi=(82)
cfn=(392)
calls=1 27 
0 452
cob=(1)
cfi=(57)
cfn=(264)
calls=1 29 
0 800
0 31384
cob=(3)
cfi=(84)
cfn=(416)
calls=4483 28 
0 49313
cob=(1)
cfi=(57)
cfn=(264)
calls=1 29 
0 824
0 22502
cob=(3)
cfi=(84)
cfn=(424)
calls=3384 52 
0 57528
cob=(1)
cfi=(57)
cfn=(264)
calls=1 29 
0 840
0 16920
cob=(3)
cfi=(84)
cfn=(416)
calls=3384 28 
0 37224
0 4396
cob=(3)
cfi=(84)
cfn=(416)
calls=1099 28 
0 12089
0 18521
cob=(3)
cfi=(84)
cfn=(442)
calls=1015 35 
0 11165
cob=(1)
cfi=(57)
cfn=(264)
calls=1 29 
0 848
0 27998
cob=(3)
cfi=(86)
cfn=(430)
calls=4328 35 
0 238334
cob=(1)
cfi=(57)
cfn=(264)
calls=1 29 
0 808
0 4332

fn=(510) Hashtable_Add_Key(hashtable*, char const*, int (*)(char const*, int*))
0 350000
cfn=(502) Hashtable_Is_OK(hashtable*)
calls=50000 0 
0 2406842500
0 250000
cfn=(454)
calls=50000 0 
0 21650000
0 450000
cfn=(512) hash_6(char const*, int*)
calls=50000 0 
0 12442000
0 200000
cfn=(454)
calls=50000 0 
0 21650000
0 950000
cfn=(516) List_Find_Key(list*, char const*, int*)
calls=50000 0 
0 42213325
0 200000
cfn=(454)
calls=50000 0 
0 21650000
0 340000
cfn=(486)
calls=28000 0 
0 34875970
0 140000
cfn=(454)
calls=28000 0 
0 12124000
0 448000
cfn=(518) List_Add_Elem(list*, elem*, unsigned int)
calls=28000 0 
0 53540000
0 112000
cfn=(454)
calls=28000 0 
0 12124000
0 112000
cfn=(502)
calls=28000 0 
0 1345890000
0 66000
cfn=(502)
calls=22000 0 
0 1061484500
0 250000
cfn=(454)
calls=50000 0 
0 21650000
0 300000

fn=(516)
0 500000
cfn=(500) List_Is_OK(list*)
calls=50000 0 
0 2273000
0 250000
cfn=(454)
calls=50000 0 
0 21650000
0 1574500
cob=(3)
cfi=(95)
cfn=(526)
calls=64500 225 
0 1026000
cob=(1)
cfi=(57)
cfn=(264)
calls=1 29 
0 825
0 1048000
cfn=(500)
calls=28000 0 
0 807000
0 140000
cfn=(454)
calls=28000 0 
0 12124000
0 820000

fn=(518)
0 196000
cfn=(500)
calls=28000 0 
0 807000
0 140000
cfn=(454)
calls=28000 0 
0 12124000
0 112000
cfn=(488)
calls=28000 0 
0 280000
0 140000
cfn=(454)
calls=28000 0 
0 12124000
0 938000
cfn=(500)
calls=10500 0 
0 656500
0 140000
cfn=(500)
calls=17500 0 
0 682500
0 140000
cfn=(454)
calls=28000 0 
0 12124000
0 112000
cfn=(488)
calls=28000 0 
0 280000
0 140000
cfn=(454)
calls=28000 0 
0 12124000
0 280000

fn=(300)
0 9
cob=(3)
cfi=(62)
cfn=(306)
calls=1 106 
0 70379
cob=(1)
cfi=(57)
cfn=(264)
calls=1 29 
0 784
0 4
cob=(3)
cfi=(62)
cfn=(306)
calls=1 106 
0 624
0 9
cfn=(358)
calls=1 0 
0 1838336
0 4
cfn=(454)
calls=1 0 
0 1879
0 6
cfn=(474) Hashtable_Construct(hashtable*, unsigned int)
calls=1 0 
0 310484
0 5
cfn=(454)
calls=1 0 
0 433
0 1012
cfn=(504) Data_Fill(char**, _IO_FILE*)
calls=1 0 
0 676211
0 3002
cfn=(508) Hashtable_Fill(hashtable*, char**, int (*)(char const*, int*))
calls=500 0 
0 5118995295
0 2500
cfn=(454)
calls=500 0 
0 216500
0 2000
cfn=(528) Hashtable_Clear(hashtable*)
calls=500 0 
0 178814074
0 2500
cfn=(454)
calls=500 0 
0 216500
0 3007
cfn=(530) Hashtable_Destruct(hashtable*)
calls=1 0 
0 143005
0 5
cfn=(454)
calls=1 0 
0 433
0 4
cob=(3)
cfi=(96)
cfn=(544)
calls=1 43 
0 538
cob=(1)
cfi=(57)
cfn=(264)
calls=1 29 
0 816
0 3
cob=(3)
cfi=(96)
cfn=(544)
calls=1 43 
0 538
0 6

fn=(508)
0 3000
cfn=(502)
calls=500 0 
0 23763000
0 2500
cfn=(454)
calls=500 0 
0 216500
0 502500
cfn=(510)
calls=50000 0 
0 5072304295
0 250000
cfn=(454)
calls=50000 0 
0 21650000
0 303500

fn=(532) List_Destruct(list*)
0 700
cfn=(500)
calls=100 0 
0 2000
0 500
cfn=(454)
calls=100 0 
0 43300
0 2100

fn=(256) 0x080485c0
0 13
cob=(3)
cfi=(59)
cfn=(270)
calls=1 96 
0 5301302936
cob=(1)
cfi=(57)
cfn=(264)
calls=1 29 
0 1014

fn=(454)
0 87643240
cob=(3)
cfi=(87)
cfn=(460)
calls=10955405 30 
0 4415028823
cob=(1)
cfi=(57)
cfn=(264)
calls=1 29 
0 838
0 241018910

fn=(514) ROL(int, int)
0 4848000

fn=(280) 0x08049b02
0 2

fn=(484) List_Construct(list*)
0 651300
cfn=(486)
calls=50100 0 
0 61677002
0 200400
cfn=(454)
calls=50100 0 
0 21693300
0 300600
cfn=(500)
calls=50100 0 
0 1002000
0 250500
cfn=(454)
calls=50100 0 
0 21693300
0 300600

fn=(528)
0 4000
cfn=(502)
calls=500 0 
0 24295000
0 2500
cfn=(454)
calls=500 0 
0 216500
0 503000
cfn=(484)
calls=50000 0 
0 107553074
0 200000
cfn=(454)
calls=50000 0 
0 21650000
0 404500
cfn=(502)
calls=500 0 
0 23763000
0 2500
cfn=(454)
calls=500 0 
0 216500
0 3500

fn=(500)
0 271383000

fn=(504)
0 9
cob=(3)
cfi=(75)
cfn=(364)
calls=1 37 
0 502
0 3
cob=(3)
cfi=(63)
cfn=(480)
calls=1 3251 
0 273
0 10
cob=(3)
cfi=(63)
cfn=(480)
calls=1 3251 
0 273
0 6013
cob=(3)
cfi=(63)
cfn=(480)
calls=859 3251 
0 234507
0 6020
cob=(3)
cfi=(82)
cfn=(392)
calls=860 27 
0 400998
0 11170
cob=(3)
cfi=(93)
cfn=(498)
calls=859 78 
0 14710
0 1723

fn=(512)
0 3518000
cfn=(514)
calls=202000 0 
0 4848000
0 4076000

fn=(292)
0 11

fn=(474)
0 13
cob=(3)
cfi=(63)
cfn=(480)
calls=1 3251 
0 449
cob=(1)
cfi=(57)
cfn=(264)
calls=1 29 
0 807
0 1006
cfn=(484)
calls=100 0 
0 215928
0 400
cfn=(454)
calls=100 0 
0 43300
0 610
cfn=(502)
calls=1 0 
0 47526
0 5
cfn=(454)
calls=1 0 
0 433
0 7

fn=(502)
0 102923028
cfn=(500)
calls=10150200 0 
0 265153000
0 40600800
cfn=(454)
calls=10150200 0 
0 4395036600
0 82419624

fn=(574)
0 18

fn=(278)
0 5
cfn=(280)
calls=1 0 
0 2
0 5
cob=(2)
cfi=(15)
cfn=(282)
calls=1 0 
0 31
0 11

fn=(286)
0 8

fn=(488)
0 2122000

fn=(530)
0 8
cfn=(502)
calls=1 0 
0 47526
0 5
cfn=(454)
calls=1 0 
0 433
0 1004
cfn=(532)
calls=100 0 
0 48600
0 400
cfn=(454)
calls=100 0 
0 43300
0 810
cob=(3)
cfi=(63)
cfn=(472)
calls=1 2954 
0 135
cob=(1)
cfi=(57)
cfn=(264)
calls=1 29 
0 776
0 8

ob=(4)
fl=(47)
fn=(224)
0 5
cfn=(216) 0x00000427
calls=1 0 
0 2
0 8

fn=(216)
0 6

fn=(584)
0 5
cfn=(216)
calls=1 0 
0 2
0 10
cob=(3)
cfi=(100)
cfn=(598)
calls=1 31 
0 72
cob=(1)
cfi=(57)
cfn=(264)
calls=1 29 
0 746
0 14

fn=(214)
0 4
cfn=(216)
calls=1 0 
0 2
0 9

ob=(1)
fl=(99)
fn=(570) _dl_sort_fini
34 7
cfi=(3) /build/buildd/eglibc-2.15/string/../sysdeps/i386/i686/multiarch/../memcmp.S
cfn=(4) 0x00018bab
calls=1 +18 
* 2
* 1
+2 1
-2 3
+50 1
-48 1
+5 2
+1 1
-1 2
+1 1
-1 1
+1 1
+1 1
-1 4
+1 4
cfi=(30) /build/buildd/eglibc-2.15/string/../sysdeps/i386/i686/multiarch/../memset.S
cfn=(114) memset
calls=1 +9 
* 20
* 1
+15 6
+62 5
+3 16
cfi=(30)
cfn=(114)
calls=2 -71 
* 35
* 6
-76 12
+1 8
+4 2
-4 2
+4 4
-5 6
+1 4
+4 1
-4 1
+4 8
+6 3
+1 3
-1 3
+1 3
-26 6
+28 4
+1 4
-1 2
+1 4
+3 6
-1 9
+31 9
+21 6
-57 9
+61 10
+3 1
+4 6

fn=(568)
133 6
cfi=(3)
cfn=(4)
calls=1 -81 
* 2
* 4
+19 1
-6 1
-1 1
-13 2
+23 5
-23 7
241 1
132 1
241 2
-83 4
cfi=(2)
cfn=(52)
calls=1 843 
* 3
+3 2
+3 2
+2 6
+11 3
+2 3
+3 7
+11 6
+2 8
+2 8
+2 4
+1 4
+1 4
+4 4
-12 13
+14 2
+5 6
cfn=(570)
calls=1 34 
* 258
+9 1
-9 1
+9 2
cfi=(2)
cfn=(54)
calls=1 849 
* 3
+4 5
+2 2
+2 3
-2 6
+2 9
+3 8
+3 12
+11 4
+12 6
+1 6
cob=(2)
cfi=(15)
cfn=(582)
calls=1 0 
* 857
cob=(2)
cfi=(15)
cfn=(572)
calls=1 0 
* 26
+5 28
+16 4
-55 12
-70 3
285 6
-49 12
+3 4
+52 2
+7 6

fl=(3)
fn=(4)
52 567
+1 567

fn=(32) bcmp
58 12
+2 12
+1 12
+1 12
+2 12
+1 12
+18 12
+2 12
+2 12
+2 12
+1 12
+2 12
cfn=(4)
calls=12 -40 
* 24
* 24
+1 12
+1 12
+1 12
+14 1
+1 1
+1 1
+1 1
+2 4
+1 4
+1 4
+1 4
+2 5
+1 5
+1 5
+1 5
+2 5
+1 5
+1 5
+1 5
+2 5
+1 5
+1 5
+1 5
+2 5
+3 5
+1 10
268 1
+1 1
+1 1
+1 1
+2 5
+1 5
+1 5
+1 5
+2 4
+1 4
+1 4
+1 4
+1 4
+1 4
+1 4
+1 4
+1 4
+1 4
+3 4
+1 8
+70 3
+1 3
+11 3
+1 3
+1 3
+3 6

fl=(33) /build/buildd/eglibc-2.15/elf/dl-cache.c
fn=(196) _dl_unload_cache
309 2
cfi=(3)
cfn=(4)
calls=1 52 
* 2
* 2
+1 4
+2 4
cfi=(45) /build/buildd/eglibc-2.15/misc/../sysdeps/unix/syscall-template.S
cfn=(198) munmap
calls=1 82 
* 9
+1 1
+2 3

fn=(130) _dl_load_cache_lookup
183 5
cfi=(3)
cfn=(4)
calls=1 52 
* 2
* 3
+8 2
+3 4
+51 4
+11 1
fi=(34) /build/buildd/eglibc-2.15/elf/../sysdeps/i386/dl-procinfo.h
101 6
+3 3
cfi=(18) /build/buildd/eglibc-2.15/string/../sysdeps/i386/i686/multiarch/../strcmp.S
cfn=(56) strcmp
calls=1 -70 
* 16
* 9
cfi=(18)
cfn=(56)
calls=3 -70 
* 71
* 8
-2 12
fe=(33)
260 1
+19 1
-19 3
cfi=(21) /build/buildd/eglibc-2.15/io/../sysdeps/unix/syscall-template.S
cfn=(68) access
calls=1 82 
* 18
+4 1
+15 2
-19 1
+4 7
+1 1
+14 1
-15 2
+15 1
-25 1
+25 1
-25 1
+25 1
-25 2
+25 2
-25 1
+25 143
cfn=(136) _dl_cache_libcmp
calls=10 140 
* 1062
* 44
+21 7
fi=(34)
105 1
fe=(33)
258 10
-61 4
cfi=(28) /build/buildd/eglibc-2.15/elf/dl-misc.c
cfn=(132) _dl_sysdep_read_whole_file
calls=1 44 
* 103
+8 1
-8 1
+8 5
+1 6
cfi=(3)
cfn=(32)
calls=1 58 
* 40
* 2
+4 2
+3 3
+3 2
+1 2
-1 1
+1 1
+1 5
cfi=(3)
cfn=(32)
calls=1 58 
* 43
* 2
+18 3
+43 13
cfn=(136)
calls=1 140 
* 108
* 21
+16 4
-16 26

fn=(136)
140 55
+1 48
+2 53
+2 53
-2 159
+2 106
-2 53
+2 2
+7 1
-1 1
+1 5
+1 1
-2 2
+2 4
+2 6
+2 2
+6 104
+2 156
+4 42
+1 42
-29 168
+32 1
+1 4
-1 1
+1 11
-8 10
+8 10
-8 10
+8 10
-8 20
+8 30

fl=(32) /build/buildd/eglibc-2.15/io/../sysdeps/unix/sysv/linux/xstat64.c
fn=(128) __xstat64
47 16
+3 16
-3 16
cfi=(3)
cfn=(4)
calls=16 +5 
* 32
* 16
+3 112
+34 2
-34 45
+34 30

fl=(36) /build/buildd/eglibc-2.15/elf/dl-version.c
fn=(144) _dl_check_all_versions
387 3
+2 1
-2 4
cfi=(3)
cfn=(4)
calls=1 52 
* 2
* 1
+4 1
-4 1
+4 3
+1 12
+1 16
cfn=(146) _dl_check_map_versions
calls=4 180 
* 3121
-2 4
+1 16
-1 8
+5 7

fn=(146)
180 32
+15 8
-15 4
cfi=(3)
cfn=(4)
calls=4 52 
* 8
* 8
+15 8
+4 4
-2 4
+2 4
+3 4
-2 4
-3 4
+5 4
-2 4
+2 4
+3 8
+4 2
-4 2
+4 12
+17 4
62 4
226 4
62 12
+1 5
-1 10
+2 21
cfi=(28)
cfn=(98) _dl_name_match_p
calls=7 305 
* 562
* 14
230 4
+4 6
+5 8
+20 3
-16 102
cfn=(148) match_symbol
calls=2 82 
* 270
* 27
cfn=(148)
calls=3 82 
* 477
* 5
+8 5
-8 5
+8 5
-8 15
+11 15
+9 8
-74 2
-8 2
+96 12
+3 8
+3 4
-3 6
+6 10
+4 2
-7 4
+7 4
-4 6
+4 32
-7 64
+7 64
-4 98
+8 12
+87 14
-81 18
cfi=(16) /build/buildd/eglibc-2.15/elf/dl-minimal.c
cfn=(38) calloc
calls=3 104 
* 247
-1 3
+2 3
-1 3
-1 3
+2 3
+11 3
+2 3
-5 3
+3 3
+2 3
-2 3
+2 3
+3 8
+4 8
+18 3
-15 3
+2 12
-2 2
+2 8
+2 10
+1 5
-1 5
+1 5
+1 5
-2 5
+3 5
-1 10
+1 15
+3 17
+8 6
+10 9
+3 12
+20 34
-14 34
-2 34
+2 36
-2 2
+2 2
+4 34
+2 34
-1 102
+1 34
-1 68
+1 34
+1 34
+3 108
+10 14

fn=(148)
82 35
cfi=(3)
cfn=(4)
calls=5 -30 
* 10
* 10
+1 5
-1 5
+1 5
+8 5
-8 5
+8 5
+6 20
+15 5
+1 10
+2 10
+5 10
+14 36
+12 39
+4 13
-30 26
+19 40
cfi=(18)
cfn=(56)
calls=5 34 
* 398
* 15
+3 5
+32 35

fl=(7) /build/buildd/eglibc-2.15/elf/dl-lookup.c
fn=(168) _dl_lookup_symbol_x
716 318
476 106
716 530
477 212
716 106
cfi=(3)
cfn=(4)
calls=106 52 
* 212
* 212
477 318
+1 106
-1 106
+1 318
-1 106
+1 106
-1 212
+1 1195
-1 1195
+1 3585
-1 1195
+1 1195
-1 2390
726 106
-4 106
-4 106
+8 106
-7 212
+7 304
+5 106
+2 106
-2 106
+2 106
-2 106
-1 106
+7 742
+8 16
-8 16
+2 2226
cfn=(170) do_lookup_x
calls=106 82 
* 44622
+3 212
-5 212
+33 212
+23 408
+1 612
+35 408
+14 306
+3 408
+5 204
+2 742
-81 32
+17 4
+1 4
-1 4
+1 4
+54 2

fn=(170)
82 530
-5 212
+5 318
cfi=(3)
cfn=(4)
calls=106 -30 
* 212
* 212
-5 742
+6 106
+5 106
230 106
114 106
-25 106
+25 106
230 212
114 106
-16 106
-3 106
+1 106
+2 212
+3 106
-3 106
+3 106
-3 221
-3 221
+1 221
+2 442
+3 221
-3 221
+3 221
+4 654
+4 654
+4 654
+7 1308
+4 981
+1 981
226 327
+1 654
+4 654
+3 327
-5 327
+5 327
+4 327
-4 654
+4 327
-1 654
+1 327
-1 654
+21 227
+24 454
462 1965
+1 86
cfi=(28)
cfn=(98)
calls=43 305 
* 2400
* 129
+3 675
+3 4
+1 24
282 2
+2 4
+3 874
+17 306
+1 204
470 102
306 102
470 510
291 33
-50 324
-1 216
+2 216
+2 108
+6 108
-6 108
+6 216
+4 488
-7 888
+2 612
+1 408
cfn=(172) check_match.8823
calls=102 132 
* 15822
+1 404
+12 16

fn=(172)
132 714
+1 102
-1 102
cfi=(3)
cfn=(4)
calls=102 -80 
* 204
* 102
+1 102
+2 204
+2 306
-2 204
+12 306
+3 372
cfi=(18)
cfn=(56)
calls=28 34 
* 2044
* 56
+5 102
-1 102
+1 102
-1 102
+1 102
+2 198
+19 198
+1 693
+46 714
-18 6
+2 6
+1 3
-1 3
+1 3
-1 3
+1 6
-1 6
+4 4
+1 10
-34 594
cfi=(18)
cfn=(56)
calls=99 34 
* 7438
* 297
+36 2
+2 4
-81 306

fn=(12) _dl_setup_hash
861 4
+3 4
-3 8
cfi=(3)
cfn=(4)
calls=4 52 
* 8
* 8
+3 4
-3 8
+3 4
+4 4
+4 8
+2 4
-1 4
+3 12
+1 4
+1 8
+2 4
+1 4
+2 4
+2 4
-1 4
+1 4
-7 4
+7 4
+14 24

fl=(16)
fn=(46) __libc_memalign
53 84
cfi=(3)
cfn=(4)
calls=21 -1 
* 42
* 84
+1 84
+11 21
+1 21
-1 21
+3 42
-3 21
+3 93
+4 12
+1 6
+6 21
cfi=(23) /build/buildd/eglibc-2.15/misc/../sysdeps/unix/sysv/linux/i386/mmap.S
cfn=(74) mmap
calls=3 -44 
* 69
+2 6
+2 9
+2 9
+3 3
+1 3
+2 18
-3 18
+1 18
+2 108
-31 3
+1 1
-2 3

fn=(80) strsep
320 28
cfi=(3)
cfn=(4)
calls=4 52 
* 8
* 4
+3 16
+2 8
+1 4
-1 4
+1 4
+4 18
+5 4
-5 171
+5 232
+2 472
+8 59
-15 179
+18 4
+4 28

fn=(38)
104 48
+7 8
-3 8
+3 8
-7 8
cfi=(3)
cfn=(4)
calls=8 -52 
* 16
* 8
+4 8
+3 16
+4 16
cfn=(42) malloc
calls=8 -20 
* 415
+1 40

fn=(42)
95 40
cfi=(3)
cfn=(4)
calls=20 -43 
* 40
* 40
+1 80
cfn=(46)
calls=20 -43 
* 747
+1 60

fl=(58) /build/buildd/eglibc-2.15/elf/dl-runtime.c
fn=(266) _dl_fixup
74 102
+3 17
-1 17
-2 17
cfi=(3)
cfn=(4)
calls=17 -22 
* 34
* 17
+3 34
+3 34
+1 17
+1 17
-1 85
+6 17
-5 34
-1 17
+1 17
+5 17
+4 51
+4 17
-2 17
+2 34
+4 32
+1 48
+2 48
+7 51
-1 17
+11 187
cfi=(7)
cfn=(168)
calls=17 716 
* 11862
* 34
+4 51
+10 119
+16 17
-8 17
+8 51
+4 51
fi=(5) /build/buildd/eglibc-2.15/elf/../sysdeps/i386/dl-machine.h
277 51
fe=(58)
157 102
fi=(91) /build/buildd/eglibc-2.15/elf/../sysdeps/i386/dl-irel.h
33 2
cob=(3)
cfi=(94)
cfn=(524)
calls=1 +34 
* 15
cob=(3)
cfi=(92)
cfn=(496)
calls=1 +44 
* 18
* 2
fe=(58)

fl=(29) /build/buildd/eglibc-2.15/io/../sysdeps/unix/sysv/linux/fxstat64.c
fn=(112) __fxstat64
46 3
+3 3
-3 3
cfi=(3)
cfn=(4)
calls=3 +6 
* 6
* 3
+3 21
+33 6

fl=(17) /build/buildd/eglibc-2.15/string/../sysdeps/i386/i686/multiarch/../memcpy.S
fn=(48) memcpy
44 12
+1 12
+1 12
+1 12
+2 12
+1 12
+1 12
+1 12
+1 12
+1 12
+2 8
+1 8
+2 8
+1 8
+11 8
+1 8
+1 8
+1 8
+1 42
+2 8
+1 14
+2 8
+2 8
+1 8
+1 8
+4 8
-6 4
+1 4
+1 4
+4 4
+6 4
+1 4
+1 2
+1 2
+1 2
-1 2
+1 2
+1 3
+1 25
+2 4

fl=(26) /build/buildd/eglibc-2.15/elf/dl-error.c
fn=(88) _dl_catch_error
160 9
cfi=(3)
cfn=(4)
calls=3 52 
* 6
* 15
+9 3
+2 3
cfi=(2)
cfn=(90) _dl_initial_error_catch_tsd
calls=3 801 
* 18
* 3
+1 3
+2 3
-2 3
+2 9
cfi=(27) /build/buildd/eglibc-2.15/setjmp/../sysdeps/i386/setjmp.S
cfn=(92) __sigsetjmp
calls=3 34 
* 33
+1 3
-1 3
+1 3
+2 9
+1 9
cfi=(31) /build/buildd/eglibc-2.15/elf/dl-deps.c
cfn=(122) openaux
calls=2 62 
* 7999
cfi=(2)
cfn=(94) map_doit
calls=1 631 
* 2823
+1 9
+1 3
+1 3
-1 3
+2 3
-1 3
+1 3
+10 15

fn=(140) _dl_receive_error
198 3
cfi=(3)
cfn=(4)
calls=1 52 
* 2
* 7
+1 1
cfi=(2)
cfn=(90)
calls=1 801 
* 6
+5 1
+4 1
-5 1
+4 1
+3 5
cfi=(2)
cfn=(142) version_check_doit
calls=1 663 
* 3218
+2 2
+1 1
+1 2
-2 1
+2 1
-1 1
+1 3

fl=(12) /build/buildd/eglibc-2.15/elf/../misc/sbrk.c
fn=(24) sbrk
35 3
cfi=(3)
cfn=(4)
calls=1 +17 
* 2
* 4
+8 6
+4 2
+11 6

fl=(11) /build/buildd/eglibc-2.15/string/../sysdeps/i386/i686/multiarch/../../i586/strlen.S
fn=(22) strlen
47 12
+2 12
+2 12
+2 12
+1 5
+2 4
+1 4
+2 3
+1 3
+2 3
+2 3
+1 3
+2 3
+2 3
+1 3
+2 3
+1 3
+26 3
+1 3
+2 3
+1 3
+2 3
+1 3
-7 18
+1 18
+2 18
+1 18
+2 18
+1 18
+2 20
+2 20
+2 20
+3 20
+1 20
+2 20
+1 20
+2 20
+1 20
+2 20
+2 20
+2 20
+3 20
+1 20
+2 20
+1 20
+2 20
+1 20
+2 18
+2 18
+2 18
+3 15
+1 15
+2 15
+1 15
+2 15
+1 15
+2 11
+2 11
+2 11
+3 11
+1 11
+2 11
+1 11
+2 11
+1 11
+2 11
+2 5
+1 5
+2 5
+1 5
+2 3
+3 3
+4 3
-4 9
+4 9

fl=(25) /build/buildd/eglibc-2.15/elf/dl-debug.c
fn=(82) _dl_debug_initialize
49 16
cfi=(3)
cfn=(4)
calls=4 +3 
* 8
* 4
+3 4
-3 12
+4 4
-1 4
+5 16
+4 2
-1 1
+1 1
+1 1
+5 1
-6 1
+6 1
-5 2
+1 1
+4 1
-4 1
+4 2
-10 9
+10 15

fn=(84) _dl_debug_state
77 2

fl=(13) /build/buildd/eglibc-2.15/elf/dl-environ.c
fn=(30) _dl_next_ld_env_entry
30 3
+1 3
+1 3
+2 13
+2 110
+11 53
-13 159
+17 9
-14 20
+5 2
-3 2
+3 2
+2 2

fl=(35) /build/buildd/eglibc-2.15/elf/dl-tls.c
fn=(152) _dl_determine_tlsoffset
113 5
cfi=(3)
cfn=(4)
calls=1 -61 
* 2
* 2
+6 4
+3 4
+36 3
+2 10
-2 6
+5 1
-1 1
+5 1
-4 1
-1 2
+3 4
+2 2
+12 2
-12 4
+16 4
+2 2
+1 1
-3 2
+2 2
+10 1
-12 2
+15 8
+52 1
-51 1
+51 1
+1 6

fn=(190) _dl_add_to_slotinfo
817 3
cfi=(3)
cfn=(4)
calls=1 52 
* 2
* 5
+6 1
+3 2
+5 3
+42 1
-1 1
+2 2
-1 2
+1 4

fn=(154) _dl_allocate_tls_storage
329 3
cfi=(3)
cfn=(4)
calls=1 52 
* 2
* 4
+2 1
+11 4
cfi=(16)
cfn=(46)
calls=1 53 
* 73
+1 1
-1 1
+1 1
+7 1
+4 318
+11 2
cfn=(156) allocate_dtv
calls=1 -76 
* 95
+1 2
+5 6

fn=(192) _dl_allocate_tls_init
377 6
cfi=(3)
cfn=(4)
calls=1 52 
* 2
* 1
+1 1
-1 1
+1 1
+4 1
+3 1
+5 1
-6 1
-2 1
+8 3
+5 8
+6 4
-25 2
+47 2
+1 6
+2 2
+1 3
+8 3
+1 1
-1 1
+2 6
cfi=(22) /build/buildd/eglibc-2.15/string/../sysdeps/i386/i686/multiarch/../mempcpy.S
cfn=(72) mempcpy
calls=1 44 
* 16
* 6
cfi=(30)
cfn=(114)
calls=1 52 
* 33
-42 4
+6 5
+3 1
+1 2
+6 1
+3 1
-3 2
+2 2
+38 2
+3 7

fn=(156)
289 3
cfi=(3)
cfn=(4)
calls=1 52 
* 2
* 4
+8 1
-1 1
+1 3
cfi=(16)
cfn=(38)
calls=1 104 
* 69
+1 2
-2 2
+11 2
+6 6

fn=(138) _dl_next_tls_modid
51 3
cfi=(3)
cfn=(4)
calls=1 +1 
* 2
* 4
+3 3
+48 2
+4 6

fl=(1)
fn=(202) 0x000011c0
0 2

fn=(0) 0x000011d0
0 2
cfi=(2)
cfn=(2) _dl_start
calls=1 368 
0 103497
0 2
cfn=(202)
calls=1 0 
0 2
0 17
cfi=(46) /build/buildd/eglibc-2.15/elf/dl-init.c
cfn=(206) _dl_init
calls=1 93 
0 7554
0 3
cob=(5)
cfi=(56)
cfn=(256)
calls=1 0 
0 5301303963

fn=(336)
0 128

fl=(2)
fn=(90)
801 4
cfi=(21)
cfn=(70) 0x00018ba7
calls=4 84 
* 8
* 4
+3 8

fn=(150) init_tls.part.3
722 3
cfi=(3)
cfn=(4)
calls=1 52 
* 2
* 2
+17 1
-4 1
+4 3
cfi=(16)
cfn=(38)
calls=1 104 
* 69
-4 1
+15 1
-12 1
-3 1
+11 1
+4 1
+2 1
-1 2
+3 8
+4 1
+2 1
-7 1
-1 2
+1 3
-1 8
+10 2
+3 1
cfi=(35)
cfn=(152)
calls=1 113 
* 85
+7 1
cfi=(35)
cfn=(154)
calls=1 329 
* 514
+1 1
-1 1
+1 1
+6 1
+8 1
-8 1
+8 13
+3 1
-3 4
+4 1
+3 5

fn=(2)
368 7
cfi=(3)
cfn=(4)
calls=1 52 
* 2
* 2
+18 2
fi=(4) /build/buildd/eglibc-2.15/elf/dynamic-link.h
121 1
fi=(5)
-61 1
fe=(2)
386 1
fi=(5)
60 2
fe=(2)
415 1
fi=(4)
121 1
fe=(2)
412 1
fi=(4)
121 4
+7 20
+1 12
+10 4
fe=(2)
367 8
fi=(4)
121 12
+2 36
+15 13
+1 13
fe=(2)
367 26
fi=(4)
121 39
+18 1
fe=(2)
367 2
fi=(4)
121 4
+25 2
+20 4
+1 4
+1 4
+1 4
+5 4
+2 4
+1 4
+1 4
+6 3
+3 2
+13 3
+1 3
+4 3
+2 3
+3 3
+1 3
fe=(2)
543 3
291 1
550 1
291 86
+12 2
cfi=(7)
cfn=(12)
calls=1 861 
* 37
+1 2
+1 2
+1 2
+1 2
+21 2
+10 3
-10 1
+4 1
+6 2
cfi=(8) /build/buildd/eglibc-2.15/elf/../elf/dl-sysdep.c
cfn=(14) _dl_sysdep_start
calls=1 89 
* 102692
* 1
+9 1
+3 2
+4 1
-4 2
+4 1
575 7
fi=(4)
130 4
+3 4
fe=(2)
548 30
fi=(6) /build/buildd/eglibc-2.15/elf/do-rel.h
93 1
-1 2
+3 2
+25 2
fi=(5)
633 1
fi=(6)
121 1
fi=(5)
633 1
fi=(6)
121 1
fe=(2)
367 2
fi=(6)
121 20
fi=(5)
633 20
fi=(6)
120 11
fi=(5)
634 11
fi=(6)
120 22
+5 3
+8 2
fi=(5)
404 3
fi=(6)
133 3
+13 1
fi=(5)
339 1
fi=(6)
148 2
-2 1
fi=(5)
311 1
fi=(6)
146 3
fi=(5)
311 1
+28 2
+3 4
fi=(6)
146 7
fi=(5)
339 7
fi=(6)
148 14
-2 7
fi=(5)
311 7
fi=(6)
146 21
fi=(5)
311 7
+28 14
+3 28
+6 56
fi=(4)
136 4
+1 1
+1 3
fi=(5)
352 8
fi=(6)
133 25
fe=(2)

fn=(52)
843 5
+1 5
+1 5

fn=(26) dl_main
896 6
cfi=(3)
cfn=(4)
calls=1 52 
* 2
* 2
+19 2
+3 2
+4 2
+1 2
+5 2
+3 2
cfn=(28) process_envvars
calls=1 2561 
* 705
+7 4
1126 7
cfi=(14) /build/buildd/eglibc-2.15/elf/dl-object.c
cfn=(34) _dl_new_object
calls=1 63 
* 275
* 1
+2 1
-2 1
+2 1
+1 2
+1 1
+1 2
-2 1
+6 1
-5 1
+1 2
+4 2
cfi=(14)
cfn=(50) _dl_add_to_namespace_list
calls=1 34 
* 46
+1 2
905 1
1157 1
+8 1
-3 1
+3 3
-8 1
+1 1
+2 1
+5 1
+56 1
-34 1
+21 1
+13 1
902 1
1187 1
+34 2
-13 3
-42 24
-1 27
+1 47
-1 3
1268 4
+3 2
+2 2
+2 3
+13 3
+1 8
cfi=(18)
cfn=(56)
calls=1 34 
* 9
* 2
+17 2
fi=(4)
106 2
+9 2
+4 1
+2 1
-2 1
+2 6
+3 30
-3 15
+18 15
fe=(2)
892 30
fi=(4)
121 49
+18 4
fe=(2)
892 8
fi=(4)
121 12
+2 38
+5 16
+1 15
fe=(2)
1261 2
+1 2
+1 1
-6 2
+1 1
-88 3
+1 1
+50 6
-1 2
+2 4
+1 1
+3 2
+1 2
-1 2
+1 2
+1 2
+1 6
+1 2
-43 1
-2 2
+2 1
+7 1
-10 1
+10 2
+18 2
-37 3
+1 1
fi=(4)
146 4
+38 4
+7 3
+5 4
+4 4
+1 3
+12 4
+14 4
+7 4
fe=(2)
1311 2
cfi=(7)
cfn=(12)
calls=1 861 
* 37
+3 2
+20 3
+94 1
cfi=(9) /build/buildd/eglibc-2.15/elf/../sysdeps/unix/sysv/linux/dl-sysdep.c
cfn=(60) _dl_discover_osversion
calls=1 67 
* 100
* 8
+5 2
cfi=(20) /build/buildd/eglibc-2.15/elf/dl-load.c
cfn=(64) _dl_init_paths
calls=1 712 
* 4041
+3 3
cfi=(25)
cfn=(82)
calls=1 49 
* 32
* 1
+2 1
+5 3
+4 1
+1 1
+2 1
-2 1
-1 3
+1 2
+3 2
+5 1
-7 1
+7 1
+5 1
+2 2
+2 1
-1 1
892 2
1465 1
+4 1
+1 2
+1 2
-1 1
+1 2
+2 2
+1 2
+5 3
+5 3
911 1
1665 4
+3 2
+4 3
+5 2
+1 1
cfi=(25)
cfn=(84)
calls=1 77 
* 1
+4 3
+15 4
+4 3
+31 5
cfi=(21)
cfn=(68)
calls=1 82 
* 18
* 2
+77 4
+17 2
+1 3
-1 1
+1 6
cfi=(31)
cfn=(120) _dl_map_object_deps
calls=1 149 
* 9768
* 1
+1 1
+2 3
+3 1
-3 1
+3 5
+1 3
-1 2
+1 9
-1 6
+4 3
+1 3
+1 1
+2 2
+1 12
-1 6
+47 2
+2 1
-2 2
+1 3
-1 1
+2 1
-1 1
+1 2
cfi=(26)
cfn=(140)
calls=1 198 
* 3257
+11 1
-1 1
+1 1
-1 1
+1 1
+3 3
+3 1
cfn=(158) security_init
calls=1 857 
* 28
+2 3
2137 4
+56 2
+11 1
-11 1
+4 3
+4 1
-4 2
+4 1
+3 1
+8 2
1296 1
+3 1
-5 1
+3 1
+2 2
+1 2
+4 2
fi=(4)
130 4
fe=(2)
2258 5
+7 1
+2 2
+1 1
-1 1
+1 3
+1 1
+2 4
-2 4
+2 12
+5 8
+2 8
+5 4
+2 8
+1 33
cfi=(38) /build/buildd/eglibc-2.15/elf/dl-reloc.c
cfn=(162) _dl_relocate_object
calls=3 154 
* 71605
+4 14
+1 2
cfi=(35)
cfn=(190)
calls=1 817 
* 26
* 4
-22 10
+24 1
+2 3
+6 1
-6 1
+6 2
+9 5
+1 1
+5 2
cfi=(35)
cfn=(192)
calls=1 377 
* 140
+4 2
+14 3
+2 4
+15 2
+3 1
-1 1
+1 1
-3 1
+3 6
cfi=(38)
cfn=(162)
calls=1 154 
* 6084
+1 1
+2 4
+8 1
cfi=(8)
cfn=(194) _dl_sysdep_start_cleanup
calls=1 252 
* 1
+4 3
+20 3
cfi=(25)
cfn=(82)
calls=1 49 
* 25
+1 1
+1 1
cfi=(25)
cfn=(84)
calls=1 77 
* 1
+4 1
cfi=(33)
cfn=(196)
calls=1 309 
* 27
+5 6
fi=(4)
133 4
fe=(2)
1842 1
+13 1
-1 1
+1 1
-1 1
+1 1
+2 1
+2 3
+2 1
-4 1
+5 1
-1 2
+14 2
+1 2
+1 3
2139 1
904 2
1852 2
1330 3
fi=(4)
136 4
+1 1
+1 3
fe=(2)
1457 4
-11 4
729 1
-4 1
+4 1
-4 1
+4 2
cfn=(150)
calls=1 -7 
* 747
* 2
1708 2
cfi=(11)
cfn=(22)
calls=1 47 
* 129
* 10
cfi=(17)
cfn=(48)
calls=1 44 
* 32
* 1
+3 2
+7 2
-7 2
-12 2
+19 1
-4 4
cfi=(16)
cfn=(80)
calls=1 320 
* 890
* 4
cfi=(16)
cfn=(80)
calls=1 320 
* 26
* 6
+1 2
+1 3
+2 5
cfn=(86) do_preload
calls=1 810 
* 2916
* 2
+2 1
+1 2
+1 3
fi=(4)
191 2
fe=(2)
2280 1
+1 1
-3 2
1813 4
+1 1
-1 3
+4 1
+1 1
-1 1
+2 2
+1 2

fn=(54)
849 5
+1 5
+1 5

fn=(94)
631 1
+2 1
-2 2
+2 7
cfi=(20)
cfn=(96) _dl_map_object
calls=1 2276 
* 2807
* 2
+2 3

fn=(142)
663 1
+2 1
-2 2
cfi=(3)
cfn=(4)
calls=1 52 
* 2
* 3
+2 3
cfi=(36)
cfn=(144)
calls=1 387 
* 3200
* 2
+4 4

fn=(86)
810 5
cfi=(3)
cfn=(4)
calls=1 52 
* 2
* 2
+6 1
+6 3
-5 1
+5 1
-10 1
+6 1
+4 1
-2 1
+2 3
cfi=(26)
cfn=(88)
calls=1 160 
* 2882
* 2
+1 2
+10 3
+4 5

fn=(158)
857 3
cfi=(3)
cfn=(4)
calls=1 52 
* 2
* 2
+2 1
fi=(37) /build/buildd/eglibc-2.15/elf/../sysdeps/unix/sysv/linux/dl-osinfo.h
74 2
+23 1
+2 2
fe=(2)
861 1
+6 3
+2 1
fi=(37)
114 2
+11 1
fe=(2)
872 1
+2 1
+6 1
+1 4

fn=(28)
2561 6
cfi=(3)
cfn=(4)
calls=1 52 
* 2
* 3
+8 2
-7 1
+7 1
-7 1
+7 2
-4 1
2727 1
2564 1
+5 1
2727 2
2571 2
cfi=(13)
cfn=(30)
calls=1 30 
* 85
* 4
cfi=(13)
cfn=(30)
calls=2 30 
* 296
* 9
+4 46
+1 19
-1 57
+3 4
+6 12
2733 2
+4 3
+33 2
+22 6
2660 6
cfi=(3)
cfn=(32)
calls=1 58 
* 35
* 3
-53 6
cfi=(3)
cfn=(32)
calls=1 58 
* 30
* 3
+7 6
cfi=(3)
cfn=(32)
calls=1 58 
* 36
* 3
+2 2
+1 1
+45 2
+1 1

fl=(9)
fn=(60)
67 5
cfi=(3)
cfn=(4)
calls=1 -15 
* 2
* 2
+2 4
+40 3
cfi=(19) /build/buildd/eglibc-2.15/posix/../sysdeps/unix/syscall-template.S
cfn=(62) uname
calls=1 -27 
* 8
+15 1
-15 2
+20 1
-1 1
+3 15
+2 6
+2 3
-2 6
+2 9
+7 3
-1 3
+2 3
+2 13
+8 1
+1 7
-4 2

fl=(21)
fn=(108) read
82 18
+1 2

fn=(68)
82 24
+1 6
cfn=(70)
calls=3 +1 
* 6
* 18

fn=(106) open
82 171
+1 35
cfn=(70)
calls=16 +1 
* 32
* 96

fn=(70)
84 46

fn=(118) close
82 21
+1 3

fl=(23)
fn=(74)
35 9
+2 9
+2 9
+2 9
+3 9
+2 9
+1 9
+1 9
+2 9
+2 9
+2 9
+1 9
+1 9
+1 9
+2 9
+3 9
+3 9
+3 9
+3 9
+3 9
+24 9
+1 9
+4 9

fl=(22)
fn=(72)
44 49
+1 49
+2 49
+2 49
+2 49
+2 49
+1 49
+1 49
+1 14
+1 14
+1 14
-1 35
+1 35
+1 32
+1 147
+2 49
+2 49
+5 49

fl=(38)
fn=(162)
154 32
cfi=(3)
cfn=(4)
calls=4 52 
* 8
* 8
+10 12
+1 8
+4 4
-4 4
+4 4
+1 20
+6 8
+6 12
+4 8
+8 12
-33 4
+78 4
fi=(5)
104 4
fe=(38)
239 8
fi=(5)
104 4
fe=(38)
265 226
152 20
fi=(6)
-45 8
-40 4
-11 4
fe=(38)
265 4
fi=(6)
56 4
+11 4
fe=(38)
265 4
fi=(6)
55 4
+12 12
-11 4
fe=(38)
265 4
fi=(6)
56 4
+11 4
fe=(38)
265 4
fi=(6)
55 4
+12 8
+3 6
fi=(5)
384 9
655 3
-1 6
+1 3
+2 6
-2 27
-1 54
+1 27
+2 54
+2 104
+1 52
fi=(6)
70 114
+99 8
fe=(38)
+96 196
fi=(5)
603 4
fe=(38)
265 8
fi=(5)
603 4
fi=(6)
93 4
-37 4
-1 4
+1 4
+39 4
+12 4
-15 8
+3 12
+12 4
-14 4
-37 4
-1 4
+1 4
+39 4
+12 4
-15 8
+3 12
+12 4
+10 24
+10 24
+3 6
+3 6
-3 6
+3 6
+36 8
fe=(38)
+96 16
+3 12
+40 4
+3 12
+17 12
+1 8
cfn=(186) _dl_protect_relro
calls=4 +6 
* 156
* 4
+1 24
fi=(5)
104 9
+6 6
+4 9
+13 3
-8 3
+8 6
+13 9
fe=(38)
+44 24
fi=(6)
-91 5
+14 10
-14 5
+2 5
-2 10
+14 5
+7 9
+6 4
fi=(5)
633 2
fi=(6)
121 2
fi=(5)
633 2
fi=(6)
121 2
fe=(38)
+31 6
fi=(6)
-31 2512
fi=(5)
633 2512
fi=(6)
120 1258
fi=(5)
634 1258
fi=(6)
120 2516
+7 20
+3 4
+3 4
-3 4
+3 4
fi=(5)
460 12
fi=(6)
145 6
+2 3
-2 3
fi=(5)
311 3
fi=(6)
145 6
+1 3
+1 3
-1 3
fi=(5)
311 3
fi=(6)
145 3
+3 6
fi=(5)
314 3
fi=(6)
147 3
-1 3
+2 3
-2 3
fi=(5)
314 3
fi=(6)
145 200
+2 100
-2 100
fi=(5)
311 100
fi=(6)
145 200
+1 100
+1 100
-1 100
fi=(5)
311 100
fi=(6)
145 100
+3 200
fi=(5)
314 100
fi=(6)
147 100
-1 100
+2 100
-2 100
fi=(5)
314 100
+17 309
+7 2471
fi=(6)
146 80
fi=(5)
338 240
fi=(6)
146 80
fi=(5)
338 240
fi=(6)
147 80
fi=(5)
338 326
fi=(6)
146 6
fi=(5)
338 18
fi=(6)
146 6
fi=(5)
338 18
fi=(6)
147 6
fi=(5)
338 1486
cfi=(7)
cfn=(168)
calls=86 716 
* 53167
* 516
+1 511
+2 206
+1 404
+6 618
+98 10
fi=(6)
133 10
fi=(5)
446 10
fi=(6)
133 21
fi=(5)
365 4
+1 4
fi=(6)
133 2
fi=(5)
366 2
fi=(6)
133 4
fi=(5)
366 81
fi=(6)
133 81
fi=(5)
366 81
fi=(6)
133 164
fi=(5)
433 30
+2 30
+1 10
fi=(6)
133 10
fi=(5)
436 30
fi=(6)
133 10
fi=(5)
436 10
fi=(6)
133 10
fe=(38)
265 22
152 16
265 21
fi=(6)
-96 1
fi=(5)
460 2
fi=(6)
169 2
+10 1
+1 3
-1 1
fi=(5)
311 1
fi=(6)
179 3
fi=(5)
314 1
-3 1
fi=(6)
179 1
fi=(5)
314 1
fi=(6)
179 2
+1 6
-1 2
fi=(5)
311 2
fi=(6)
179 6
fi=(5)
314 2
-3 2
fi=(6)
179 2
fi=(5)
314 2
+17 9
+7 123
cfi=(7)
cfn=(168)
calls=3 716 
* 1666
* 21
+1 15
+2 6
+1 4
+6 18
-10 21
fi=(6)
169 10
fi=(5)
366 9
fi=(6)
120 12
+49 4
fe=(38)
+96 40
fi=(5)
665 8
338 150
712 8
+2 12
+1 12
+1 4
cob=(3)
cfi=(44)
cfn=(184)
calls=1 37 
* 13
cob=(3)
cfi=(43)
cfn=(182)
calls=1 45 
* 14
cob=(3)
cfi=(42)
cfn=(180)
calls=1 27 
* 15
cob=(3)
cfi=(39)
cfn=(174)
calls=1 37 
* 83
+1 8
fe=(38)

fn=(186)
335 4
+1 4
-1 8
cfi=(3)
cfn=(4)
calls=4 52 
* 8
* 4
+1 4
-1 8
+2 8
-1 8
+2 8
+3 8
+1 20
cfi=(45)
cfn=(188) mprotect
calls=4 82 
* 40
* 8
+6 16

fl=(14)
fn=(34)
63 15
cfi=(3)
cfn=(4)
calls=3 -11 
* 6
* 6
+1 3
-1 12
+1 3
cfi=(11)
cfn=(22)
calls=3 -17 
* 167
+6 6
-6 3
+6 3
+7 18
cfi=(16)
cfn=(38)
calls=3 +27 
* 214
+3 9
-3 3
+3 3
+4 3
-20 3
+20 3
-1 3
+5 6
+1 21
cfi=(17)
cfn=(48)
calls=3 -45 
* 90
* 3
+2 3
-2 3
+4 3
+1 3
-1 3
+1 15
+3 6
+6 3
+3 3
-7 3
+4 3
+3 5
+2 1
-2 3
+2 15
-2 45
+12 3
+4 3
-4 3
+6 3
-5 3
+5 9
+2 6
+3 7
+4 6
+4 8
+8 1
+3 2
+3 4
-3 4
+3 8
+2 6
cfi=(11)
cfn=(22)
calls=2 47 
* 200
+4 2
-4 2
+4 2
-4 2
+4 2
+68 21
70 30
+67 6
-39 6
+31 1
+8 4
+24 4
cfi=(16)
cfn=(42)
calls=2 -66 
* 92
* 2
+1 6
+45 12
cfi=(22)
cfn=(72)
calls=2 44 
* 48
* 2
+5 38
+1 38
-1 38
+1 40
-1 2
+1 2
+2 4
+3 2
+3 4

fn=(50)
34 9
cfi=(3)
cfn=(4)
calls=3 +18 
* 6
* 18
+2 9
cfi=(2)
cfn=(52)
calls=3 843 
* 9
+2 16
+3 18
+2 2
+2 2
+4 2
+1 2
+3 2
-4 2
+1 4
+1 2
-1 2
+1 6
+2 2
cfi=(2)
cfn=(54)
calls=2 849 
* 6
-4 1
+1 1
+3 1
-4 1
+1 2
+1 1
-1 1
+1 3
+2 1
cfi=(2)
cfn=(54)
calls=1 849 
* 3
+1 18
-6 2

fl=(19)
fn=(62)
82 7
+1 1

fl=(28)
fn=(132)
44 3
cfi=(3)
cfn=(4)
calls=1 +8 
* 2
* 6
+7 3
cfi=(21)
cfn=(106)
calls=1 +31 
* 10
-6 1
+7 1
-1 1
+1 1
+2 5
cfi=(29)
cfn=(112)
calls=1 -8 
* 15
* 2
+2 1
+3 1
-3 1
+3 1
+13 2
cfi=(21)
cfn=(118)
calls=1 +10 
* 8
+3 7
-14 7
cfi=(23)
cfn=(74)
calls=1 -26 
* 23
* 2

fn=(98)
305 342
cfi=(3)
cfn=(4)
calls=57 52 
* 114
* 114
+1 228
cfi=(18)
cfn=(56)
calls=57 34 
* 520
+1 57
-1 114
+3 57
+8 57
-6 114
+4 58
-4 116
+1 244
cfi=(18)
cfn=(56)
calls=61 34 
* 856
* 122
+1 3
+5 72
-1 54
+1 270

fl=(18)
fn=(56)
34 257
+1 257
+4 257
+1 257
+1 257
-2 1256
+1 1256
+1 1256
+1 1392
+1 1392
+1 1392
+1 1392
+2 136
+6 136
+3 121
+1 121
+1 121
+12 121

fl=(10) /build/buildd/eglibc-2.15/elf/../sysdeps/unix/sysv/linux/i386/brk.c
fn=(18) brk
36 5
cfi=(3)
cfn=(4)
calls=1 +16 
* 2
* 1
+5 6
+2 1
+8 1
-6 2
+7 4

fl=(31)
fn=(122)
62 2
+3 2
-3 8
+7 2
-2 2
-2 2
+2 2
-2 20
cfi=(20)
cfn=(96)
calls=2 2276 
* 7945
* 4
+5 10

fn=(120)
149 7
+1 1
+22 1
-22 3
+15 1
-16 1
+1 3
+15 1
+1 1
-2 1
+2 1
+6 1
-23 1
cfi=(3)
cfn=(4)
calls=1 -97 
* 2
* 1
+23 3
+10 2
-14 1
+14 2
-36 1
+36 3
+1 1
-1 1
-18 1
+2 1
-1 1
+7 1
+10 1
-10 3
+10 7
+23 1
-19 3
+21 1
-2 1
349 1
208 4
349 1
212 1
+1 1
-1 1
+5 1
+4 3
-9 3
+1 3
-1 3
+5 3
+4 9
+12 12
+2 2
+11 2
-4 2
-1 2
-6 2
+7 2
-7 2
+5 2
+3 4
+3 14
+50 6
+1 5
-51 176
+1 88
+6 12
cfi=(24) /build/buildd/eglibc-2.15/string/../sysdeps/i386/i686/multiarch/../../i586/strchr.S
cfn=(76) index
calls=2 49 
* 191
* 6
+2 2
+4 4
-1 12
cfi=(26)
cfn=(88)
calls=2 -98 
* 8117
+2 2
-2 2
+2 4
+15 2
+2 4
+11 2
-6 6
+8 2
-3 2
-2 2
+1 2
+2 2
+4 12
-59 12
-19 2
477 12
+2 8
+3 2
-1 6
cfi=(16)
cfn=(42)
calls=2 95 
* 92
+2 4
-2 2
+2 2
+4 2
-1 2
+1 14
cfi=(17)
cfn=(48)
calls=2 44 
* 55
+1 14
cfi=(17)
cfn=(48)
calls=2 44 
* 55
+4 2
-1 2
+5 20
+2 4
+1 23
222 26
+2 2
+2 2
-2 2
+2 6
+2 28
499 1
206 1
499 2
+4 5
+1 2
+3 5
+11 2
-1 2
cfi=(16)
cfn=(42)
calls=1 95 
* 46
+3 1
-3 1
+3 1
+5 3
+1 2
-1 1
+1 2
-1 1
+1 1
+4 16
+4 16
+4 4
-10 12
+13 3
+51 6
+2 4
+43 1
+1 1
-6 1
+5 6
+1 4
cfi=(30)
cfn=(114)
calls=1 52 
* 20
* 1
146 1
636 2
+2 1
146 1
638 1
146 1
642 2
+1 1
-1 1
+7 1
-6 1
+6 1
-6 2
+6 1
-7 4
+1 2
-1 2
+7 2
-6 2
+6 2
-6 4
+6 2
146 10
651 4
+1 4
-1 2
+1 4
+3 6
-1 9
+23 6
-28 6
+31 12
+3 16
cfi=(30)
cfn=(114)
calls=2 52 
* 35
* 8
213 2
683 1
+7 3
+2 1
+1 1
+8 1
-9 1
+9 2
+3 3
+3 6
299 168
630 8
cfi=(17)
cfn=(48)
calls=1 44 
* 30
+2 3

fl=(8)
fn=(66) _dl_important_hwcaps
354 6
cfi=(3)
cfn=(4)
calls=1 52 
* 2
* 4
+3 1
-3 1
+3 1
-1 5
+1 3
+9 2
-10 1
+10 5
+1 7
-1 1
+1 1
+1 1
-2 1
+2 1
-2 6
+1 182
-1 26
+1 26
+1 26
-2 26
+2 26
-2 318
+10 1
-1 1
+1 2
-2 1
+2 2
+44 5
cfi=(21)
cfn=(68)
calls=1 82 
* 18
* 3
-2 2
+17 3
-17 1
+17 2
+3 2
+27 9
+1 270
+2 10
+1 48
+1 2
-1 4
+1 16
+1 2
-1 10
-5 140
+8 3
+2 2
+1 1
-1 1
+1 3
+4 1
+4 1
-4 2
+1 1
+3 1
+3 1
+1 1
-1 1
+4 3
+1 2
+18 7
+1 5
cfi=(16)
cfn=(42)
calls=1 95 
* 46
+1 2
-1 1
+1 1
+7 2
+22 3
+3 1
-3 2
+3 1
+7 18
+6 1
-3 1
+3 5
cfi=(22)
cfn=(72)
calls=1 44 
* 16
* 3
-3 3
+3 15
cfi=(22)
cfn=(72)
calls=3 44 
* 48
* 4
+3 4
-3 4
+3 24
+1 32
+1 28
cfi=(22)
cfn=(72)
calls=4 44 
* 60
* 12
-2 8
+5 24
cfi=(22)
cfn=(72)
calls=4 44 
* 60
* 8
+2 8
+5 7
+1 16
-1 50
+8 1
-3 4
+3 5
-3 12
+3 18
+1 96
+1 32
-1 32
+1 64
-2 32
+1 64
-1 96
+4 8
+3 1
+1 1
+1 3
-2 1
+1 1
-1 1
+2 1
-2 1
+2 3
352 6
592 9
+3 3
-6 6
+2 18
352 6
594 6
+1 3
-6 6
352 5
602 2
352 1
602 5
+1 1
+2 2
-3 21
+1 7
+2 14
+3 4
+3 7
494 1
+1 5
+1 2
-1 3
+1 2
-1 3
+2 2
+1 2
+2 2
-1 1
+1 1
-1 2
+5 4
-56 2
-12 2

fn=(14)
89 7
cfi=(3)
cfn=(4)
calls=1 -37 
* 2
* 1
+25 1
-1 1
+1 228
+6 1
-6 1
-23 1
+26 1
-3 1
+3 1
+3 1
-2 1
-28 1
+30 15
-10 1
+10 6
-29 2
+30 105
+3 3
-4 1
-34 2
+34 13
-34 20
+34 47
+93 2
-93 4
+93 1
fi=(9)
36 2
cfi=(10)
cfn=(18)
calls=1 * 
* 22
fi=(5)
267 5
fe=(8)
-38 2
cfi=(12)
cfn=(24)
calls=1 35 
* 23
* 3
+12 3
+3 8
cfi=(2)
cfn=(26)
calls=1 896 
* 102046
+2 7
-67 1
-59 1
+59 1
-93 2
+34 3
+34 1
-34 1
+34 1
-68 2
+34 3
+43 1
-43 1
-34 2
+34 1
+43 1
-43 2
+40 1
-40 1
+40 1
-74 2
+34 1
+40 2
-40 2
+37 1
-37 1
-34 2
+34 1
+37 1
-37 3
+13 1
-13 1
-34 2
+34 1
+13 1
-13 2
+10 1
-10 1
-34 2
+34 1
+10 1
-10 2
+7 1
-7 1
+7 1
-41 2
+34 3
227 2
cfi=(11)
cfn=(22)
calls=1 47 
* 29
* 2

fn=(194)
252 1

fl=(24)
fn=(76)
49 6
+2 6
+3 6
+2 6
+3 6
+1 6
+3 6
+2 6
+6 6
+1 6
+2 6
+1 6
+2 6
+1 6
+2 6
+2 2
+1 2
+2 1
+1 1
+2 1
+1 1
+2 1
+1 1
+2 1
+1 1
+2 1
+1 1
+2 1
+1 1
+2 1
+2 2
+2 2
+1 2
+2 2
+1 2
+2 2
+10 2
+1 2
+2 2
+1 2
+25 2
+1 2
+2 2
+1 2
-33 4
+1 4
+2 4
+1 4
+25 4
+1 4
+2 4
+1 4
-4 2
+1 2
+2 2
+1 2
+2 8
+1 8
+2 8
+1 8
+2 8
+1 8
+2 8
+1 8
+2 8
+1 8
+2 8
+1 8
+2 8
+1 8
+2 8
+1 8
+2 7
+1 7
+2 7
+1 7
+2 7
+1 7
+2 7
+1 7
+2 7
+1 7
+2 7
+1 7
+2 7
+1 7
+2 7
+1 7
+2 7
+1 7
+2 7
+1 7
+2 7
+1 7
+2 7
+1 7
+2 6
+1 6
+2 6
+1 6
+2 4
+1 4
+2 4
+1 4
+2 4
+1 4
+2 4
+1 4
+2 4
+1 4
+2 4
+1 4
+2 4
+1 4
+2 4
+1 4
+2 3
+1 3
+2 3
+1 3
+2 2
+1 2
+2 2
+1 2
+2 2
+1 2
+2 2
+1 2
+2 2
+1 2
+2 2
+2 2
+4 1
+1 1
+2 1
+17 6
+3 6
+4 6
+3 6
+5 6
+9 5
+1 5
+2 5
+2 5
+1 5
+2 4
+2 4
+1 4
+2 4
+1 4
+2 1
+1 1
+2 1
+1 1
+2 1
+1 1
+2 1
+3 1
+1 1
+2 5
+2 5

fl=(45)
fn=(188)
82 36
+1 4

fn=(198)
82 8
+1 1

fl=(57)
fn=(264)
29 17
+2 17
+2 17
+2 17
+1 17
+1 17
cfi=(58)
cfn=(266)
calls=17 +37 
* 13387
+1 17
+2 17
+1 17
+1 17
+1 17

fl=(46)
fn=(206)
93 6
cfi=(3)
cfn=(4)
calls=1 -41 
* 2
* 2
+2 1
-2 1
+1 1
-1 1
+5 3
+7 2
+27 1
+1 4
+1 9
cfn=(208) call_init
calls=1 -98 
* 34
* 27
cfn=(208)
calls=3 -98 
* 7347
-1 8
+7 6
-40 7
cfn=(208)
calls=1 -64 
* 89
+1 3

fn=(208)
36 35
+1 5
-1 5
cfi=(3)
cfn=(4)
calls=5 +16 
* 10
* 10
+1 10
+9 4
-3 12
+3 16
+5 9
+5 4
+8 4
+2 4
+4 10
cob=(3)
cfi=(48)
cfn=(232)
calls=1 -17 
* 160
cob=(2)
cfi=(15)
cfn=(210)
calls=1 -70 
* 42
* 2
+4 2
+1 4
+6 1
+2 1
-2 1
+2 3
-2 1
+3 10
+1 7
cob=(3)
cfi=(52)
cfn=(240)
calls=1 -44 
* 11
* 14
cob=(3)
cfi=(55)
cfn=(252)
calls=1 -7 
* 12
cob=(3)
cfi=(53)
cfn=(242)
calls=1 552 
* 7017
-1 9
+3 30
-35 2
-5 3

fl=(30)
fn=(114)
52 9
+1 9
+2 9
+1 9
+5 9
+2 9
+1 9
+2 9
+1 9
+1 4
+1 2
+1 2
+1 2
+1 4
+1 4
+1 4
+5 5
+1 5
+1 5
+2 5
+2 96
+2 5
+1 5
+5 9
+3 9
+8 9

fl=(20)
fn=(124) cache_rpath
688 12
+1 3
+1 3
-2 3
+1 6
+17 12

fn=(100) expand_dynamic_string_token
421 3
cfi=(3)
cfn=(4)
calls=1 52 
* 2
* 1
+10 2
-10 6
+10 1
cfi=(24)
cfn=(76)
calls=1 49 
* 260
* 2
+4 1
+11 5
-11 1
cfn=(102) local_strdup
calls=1 160 
* 230

fn=(126) open_path
2127 6
+1 1
-1 1
cfi=(3)
cfn=(4)
calls=1 52 
* 2
* 3
+1 1
+6 1
-6 1
+6 1
+5 1
-7 1
-1 1
+8 12
+34 3
-22 3
+7 7
cfi=(22)
cfn=(72)
calls=1 44 
* 19
* 1
+1 7
+20 32
-20 79
+3 32
+4 144
cfi=(22)
cfn=(72)
calls=16 44 
* 272
* 96
cfi=(22)
cfn=(72)
calls=16 44 
* 272
* 16
+6 16
-3 16
+3 32
+3 176
cfn=(104) open_verify
calls=16 1857 
* 848
+2 16
-2 16
+2 48
+67 6
+5 1
+2 1
-2 1
+2 4
+3 3
+13 1
+1 7
-84 48
+1 96
+6 64
+2 96
cfi=(32)
cfn=(128)
calls=16 47 
* 285
* 32
+1 4
+2 30
+7 32
-5 3

fn=(96)
2276 21
+7 3
-7 3
cfi=(3)
cfn=(4)
calls=3 52 
* 6
* 6
+7 6
+1 9
+3 18
+12 12
-12 18
+5 21
+1 14
+2 21
cfi=(28)
cfn=(98)
calls=7 305 
* 550
* 14
2570 7
2322 2
-1 10
+11 6
+26 4
-2 2
+2 2
cfi=(24)
cfn=(76)
calls=2 49 
* 131
* 4
2501 6
cfn=(100)
calls=1 421 
* 514
+1 1
+1 1
-4 1
+3 1
+4 10
cfn=(104)
calls=1 1857 
* 303
+3 1
-3 1
+3 1
+12 8
+2 4
+45 2
-1 2
+1 6
-1 2
+1 22
cfn=(110) _dl_map_object_from_fd
calls=2 916 
* 3389
+2 6
-2 2
+2 8
2321 4
+41 2
cfi=(11)
cfn=(22)
calls=1 47 
* 40
* 1
+2 1
-2 1
+2 1
+7 5
+35 2
+1 19
cfn=(126)
calls=1 2127 
* 2897
+6 1
-6 1
+6 1
+80 2
-80 2
+1 7
cfn=(124)
calls=1 688 
* 13
* 2
+7 4
+5 2
cfi=(33)
cfn=(130)
calls=1 183 
* 1859
+2 1
-2 1
+2 1
+5 3
+8 2
+27 11
cfn=(104)
calls=1 1857 
* 358
+3 1
-3 1
+3 1
+2 3
cfn=(102)
calls=1 160 
* 188
+1 2
-1 1
+1 1
-99 1
+5 1
-5 1
+5 3
+3 2
-3 1
+3 2
-3 3
+1 6
cfn=(124)
calls=1 688 
* 13
* 2
+14 4
+1 8
+1 8
cfn=(124)
calls=1 688 
* 13
* 2
-97 18
+3 2
+1 4
+1 6
cfi=(18)
cfn=(56)
calls=2 34 
* 25
* 4

fn=(64)
712 6
cfi=(3)
cfn=(4)
calls=1 52 
* 2
* 3
+15 6
cfi=(8)
cfn=(66)
calls=1 354 
* 2430
* 2
+5 2
cfi=(16)
cfn=(42)
calls=1 95 
* 46
+1 1
-1 1
-1 1
+2 1
+8 1
-1 1
+1 1
-1 4
+5 3
cfi=(16)
cfn=(42)
calls=1 95 
* 86
-1 1
+3 1
-3 1
+3 1
+15 2
+2 3
+3 2
+2 2
+7 1
-65 1
+65 1
-65 1
+42 1
-42 1
+43 1
+11 1
+3 1
+8 1
-65 1
+62 20
+1 4
-1 12
+1 60
-1 184
+3 8
-14 3
+2 3
+12 3
-7 3
-7 6
+2 3
+4 3
+1 3
-7 3
+5 3
-2 3
+3 3
-1 3
+2 3
+3 3
-3 6
+3 6
-3 3
-7 3
+10 3
-10 3
+10 6
+15 1
-11 1
+7 1
-1 1
+6 1
-5 1
+5 1
+2 4
+2 3
+32 6
+8 3
cfi=(24)
cfn=(76)
calls=1 49 
* 110
* 2
+2 3
cfi=(11)
cfn=(22)
calls=1 47 
* 55
* 11
cfi=(17)
cfn=(48)
calls=1 44 
* 25
* 1
+17 7
+2 1
+1 2
+1 1
-4 3
+2 13
+1 26
+1 13
-4 40
+8 2
cfi=(16)
cfn=(42)
calls=1 95 
* 46
+1 1
-2 1
+2 1
+6 10
cfn=(78) fillin_rpath
calls=1 491 
* 640
+4 4
+6 1
+4 6
-72 1
-2 1
+2 2
+11 2

fn=(78)
491 5
cfi=(3)
cfn=(4)
calls=1 52 
* 2
* 4
+2 2
+2 5
cfi=(16)
cfn=(80)
calls=1 320 
* 301
* 5
cfi=(16)
cfn=(80)
calls=1 320 
* 26
* 6
+3 2
cfi=(11)
cfn=(22)
calls=1 47 
* 53
+4 1
-4 1
+4 1
+7 4
+5 2
+3 3
+4 18
+1 8
+18 4
+4 2
+1 1
-1 1
-1 4
cfi=(16)
cfn=(42)
calls=1 95 
* 46
+3 3
-3 1
+3 1
+5 1
-1 1
+2 5
cfi=(22)
cfn=(72)
calls=1 44 
* 19
+3 1
-3 1
+3 1
-2 1
+2 1
+6 4
+1 4
+1 1
-1 3
+1 15
-1 45
+4 1
-1 1
+1 1
-1 1
+1 1
+7 1
+4 1
-3 1
-1 1
+4 5
+5 3
+3 6
-14 2

fn=(102)
160 6
cfi=(3)
cfn=(4)
calls=2 52 
* 4
* 2
+1 2
-1 6
+1 2
cfi=(11)
cfn=(22)
calls=2 47 
* 205
* 2
+1 4
cfi=(16)
cfn=(42)
calls=2 -67 
* 92
* 2
+3 2
-1 4
+3 8
cfi=(17)
cfn=(48)
calls=2 44 
* 67
+1 10

fn=(104)
1857 108
+36 18
-36 36
cfi=(3)
cfn=(4)
calls=18 52 
* 36
* 36
+36 18
-36 36
+36 69
+21 72
cfi=(21)
cfn=(106)
calls=18 82 
* 324
+1 18
-1 18
+1 18
+11 2
-1 2
+1 10
cfi=(21)
cfn=(108)
calls=2 82 
* 20
* 2
+7 2
-7 4
+7 2
+16 10
cfi=(3)
cfn=(32)
calls=2 58 
* 62
* 4
+2 4
-2 4
+4 14
cfi=(3)
cfn=(32)
calls=2 58 
* 72
-4 4
+60 6
+5 4
+2 6
+6 6
+7 2
+1 2
-1 4
+1 6
+1 6
+15 82
+2 36
+4 10
+1 12
+13 2
+1 2
-1 2
+1 2
-1 2
+1 2
-2 2
+4 6
+5 1
+1 1
-13 5
cfi=(3)
cfn=(32)
calls=1 58 
* 39
* 10
cfi=(3)
cfn=(32)
calls=2 58 
* 68
* 6
+16 4
+3 1
+1 1
+1 1
+1 3
+1 3
-4 1
+1 2
+1 1
-1 2
-1 1
+4 2
+28 130

fn=(110)
916 12
cfi=(3)
cfn=(4)
calls=2 52 
* 4
* 6
+11 2
-11 2
+11 4
cfi=(25)
cfn=(82)
calls=2 49 
* 50
* 2
+4 12
cfi=(29)
cfn=(112)
calls=2 46 
* 30
* 4
+11 12
+1 14
-1 15
+1 40
+17 6
+25 4
+10 4
+22 8
+31 4
928 2
1051 20
cfi=(14)
cfn=(34)
calls=2 63 
* 1133
* 2
+1 2
-1 2
+1 2
+11 2
+2 2
-2 2
+2 2
-1 2
-1 2
+5 2
-3 2
+2 2
-3 2
+4 6
+1 4
+24 2
-19 2
+19 10
+8 2
-8 6
+8 8
+96 2
-96 8
+96 4
-95 28
+6 4
+1 8
-8 102
+1 97
+60 3
+4 1
+1 1
+1 1
-1 1
+1 1
+4 1
+3 1
-3 1
+7 4
+6 1
cfi=(35)
cfn=(138)
calls=1 51 
* 20
* 3
+1 1
-67 28
+6 4
+1 4
-1 24
+8 20
+1 24
+1 8
+3 4
-3 8
+3 4
+1 4
-3 4
+3 4
+4 4
-7 4
+3 4
+4 4
+1 12
+5 14
+10 2
-10 14
+10 2
-46 2
+1 1
1244 4
+1 4
+1 2
-6 4
+1 2
-70 5
+78 6
+13 2
-3 2
1064 2
1262 4
1064 2
1262 8
+2 2
-2 2
+2 2
+19 20
-5 2
+5 4
cfi=(23)
cfn=(74)
calls=2 35 
* 46
+4 2
-4 2
+4 2
+7 6
+1 4
+2 2
-2 2
+2 2
+10 2
+35 16
+1 6
+2 12
+7 16
+7 2
-1 2
+1 2
+1 2
-2 2
+2 4
+1 4
-1 10
+8 4
+3 4
+11 16
cfi=(30)
cfn=(114)
calls=2 52 
* 113
+1 8
+5 4
+15 4
-73 24
+2 8
+2 24
cfi=(23)
cfn=(74)
calls=2 35 
* 46
* 4
+73 2
-77 2
+77 4
+9 4
fi=(4)
115 2
fe=(20)
1416 4
fi=(4)
115 2
+4 4
+2 6
fe=(20)
913 4
fi=(4)
124 31
+15 31
-18 93
+18 2
-18 6
+2 82
+5 40
+1 24
+10 8
-18 24
+25 6
+20 8
+1 10
+1 10
+1 10
+2 6
+3 10
+2 10
+1 8
+1 10
+6 6
+7 6
+5 6
+4 6
+1 6
+12 6
+5 1
+2 1
-2 1
+2 1
+2 2
+2 2
+3 6
+2 2
+2 2
+3 6
fe=(20)
1422 8
+16 6
+19 4
+2 10
+55 6
+1 2
+3 3
cfi=(21)
cfn=(118)
calls=1 82 
* 8
* 3
cfi=(21)
cfn=(118)
calls=1 82 
* 8
* 4
+8 4
+3 6
+2 2
-2 2
+2 2
+16 4
cfi=(7)
cfn=(12)
calls=2 861 
* 74
+4 4
+19 4
+3 2
+5 2
-8 4
+3 4
+1 2
+4 2
-5 2
+1 6
+4 2
+6 6
cfi=(14)
cfn=(50)
calls=2 34 
* 108
+4 6
+20 14
-56 6
fi=(4)
130 8
+3 8
+3 8
+2 2
-1 2
+1 6
fe=(20)
1346 5
+1 7
+1 5
-1 2
+3 4
+42 10
cfi=(23)
cfn=(74)
calls=1 35 
* 23
+3 2
fi=(4)
191 4
fe=(20)

fl=(27)
fn=(92)
34 3
+4 3
+1 3
+1 3
+1 3
+4 3
+1 3
+4 3
+2 3
+4 3
+1 3

totals: 5301415040
