version: 1
creator: callgrind-3.7.0
pid: 3589
cmd:  ./a.out
part: 1


desc: I1 cache: 
desc: D1 cache: 
desc: LL cache: 

desc: Timerange: Basic block 0 - 141915516
desc: Trigger: Program termination

positions: line
events: Ir
summary: 599414649


ob=(3) /lib/i386-linux-gnu/libc-2.15.so
fl=(102) /build/buildd/eglibc-2.15/stdio-common/fscanf.c
fn=(502) fscanf
27 9644
+4 9644
+1 57864
cfi=(95) /build/buildd/eglibc-2.15/stdio-common/vfscanf.c
cfn=(504) vfscanf
calls=9644 2978 
* 3578981
+4 19288

fl=(124) /build/buildd/eglibc-2.15/stdlib/../sysdeps/i386/rshift.S
fn=(656) __mpn_rshift
35 2
+2 2
+2 2
+3 2
+2 2
+2 2
+1 2
+7 2
+1 2
+1 2
+2 2
+3 2
+1 2
+1 2
+1 2
+1 2
+2 2
+1 2
+1 4
+3 2
+1 2
+1 2
+1 2
+1 2
+1 2
+1 2
+1 2
+1 2
+2 2
+1 2
+2 2
+3 2
+3 2
+3 2
+5 2

fl=(72) /build/buildd/eglibc-2.15/stdio-common/printf.c
fn=(350) printf
30 3236538
cfi=(40) /build/buildd/eglibc-2.15/string/../sysdeps/i386/i686/multiarch/strcat.S
cfn=(176) 0x0012bd53
calls=1078846 +25 
* 2157692
* 1078846
+4 1078846
+1 7551922
cfi=(73) /build/buildd/eglibc-2.15/stdio-common/vfprintf.c
cfn=(352) vfprintf
calls=1078846 211 
* 416454546
+4 3236538

fl=(99) /build/buildd/eglibc-2.15/libio/fseek.c
fn=(486) fseek
37 70
cfi=(40)
cfn=(176)
calls=14 +18 
* 28
* 28
+3 210
+1 140
cfi=(100) /build/buildd/eglibc-2.15/libio/ioseekoff.c
cfn=(488) _IO_seekoff_unlocked
calls=14 +4 
* 4662
* 42
fi=(70) /build/buildd/eglibc-2.15/libio/libioP.h
984 14
fe=(99)
41 14
fi=(70)
984 28
+1 154
fe=(99)
44 84

fl=(91) /build/buildd/eglibc-2.15/string/../string/strstr.c
fn=(430) __GI_strstr
53 63
cfi=(40)
cfn=(176)
calls=9 +2 
* 18
* 9
+10 27
+2 18
+24 9
-15 9
+15 54
-26 9
-5 18

fl=(68) /build/buildd/eglibc-2.15/misc/../sysdeps/unix/sysv/linux/i386/mmap.S
fn=(324) mmap
35 11
+2 11
+2 11
+2 11
+3 11
+2 11
+1 11
+1 11
+2 11
+2 11
+2 11
+1 11
+1 11
+1 11
+2 11
+3 11
cob=(1) /lib/i386-linux-gnu/ld-2.15.so
cfi=(1) ???
cfn=(322) _dl_sysinfo_int80
calls=11 -62 
* 22
+3 11
+3 11
+3 11
+3 11
+24 11
+1 11
+4 11

fl=(97) /build/buildd/eglibc-2.15/stdlib/strtol.c
fn=(476) __strtol_internal
98 1
+1 1
-1 1
cfi=(40)
cfn=(176)
calls=1 -43 
* 2
* 2
+1 12
cfi=(98) /build/buildd/eglibc-2.15/stdlib/strtol_l.c
cfn=(478) ____strtol_l_internal
calls=1 232 
* 172
+1 3

fl=(54) /build/buildd/eglibc-2.15/stdlib/bsearch.c
fn=(248) bsearch
27 150
+20 30
-13 120
+7 70
+1 63
-8 126
+3 196
-1 392
+1 588
+1 784
cfi=(53) /build/buildd/eglibc-2.15/string/../sysdeps/x86_64/cacheinfo.c
cfn=(250) intel_02_known_compare
calls=196 145 
* 2142
+1 392
+1 126
-6 252
+13 23
+1 180

fl=(107) /build/buildd/eglibc-2.15/string/../sysdeps/i386/i686/multiarch/../memset.S
fn=(546) __GI_memset
52 1969
+1 1969
+2 1969
+1 1969
+5 1969
+2 1969
+1 1969
+2 1969
+1 1969
+12 1969
+1 1969
+1 1969
+2 1969
+2 35602
+2 1969
+1 1969
+5 1969
+3 1969
+8 1969

fl=(129) /build/buildd/eglibc-2.15/nptl/../nptl/sysdeps/unix/sysv/linux/unregister-atfork.c
fn=(696) __unregister_atfork
29 6
cfi=(40)
cfn=(176)
calls=1 +26 
* 2
* 3
+8 1
+3 2
+1 2
+5 1
-6 2
+82 6

fl=(82) /build/buildd/eglibc-2.15/posix/../sysdeps/unix/sysv/linux/times.c
fn=(380) times
26 14
+2 56
cob=(1)
cfi=(1)
cfn=(322)
calls=14 -28 
* 28
* 14
+1 14
-1 14
+1 14
+26 42
+3 28

fl=(85) /build/buildd/eglibc-2.15/malloc/arena.c
fn=(398) ptmalloc_init
370 5
cfi=(40)
cfn=(176)
calls=1 55 
* 2
* 2
+1 3
+9 1
-8 1
+8 2
+7 3
+1 1
-1 1
+1 12
cfi=(87) /build/buildd/eglibc-2.15/nptl/../nptl/sysdeps/unix/sysv/linux/register-atfork.c
cfn=(402) __linkin_atfork
calls=1 115 
* 16
+2 5
-58 4
+2 110
+16 55
-18 165
455 2
+5 2
+1 2
+2 1
+1 6
-83 5
cfi=(86) /build/buildd/eglibc-2.15/elf/dl-addr.c
cfn=(400) _dl_addr
calls=1 127 
* 67640
* 3
+1 4
-47 2
+1 2

fl=(49) /build/buildd/eglibc-2.15/misc/init-misc.c
fn=(234) __init_misc
31 5
cfi=(40)
cfn=(176)
calls=1 +24 
* 2
* 2
+1 5
+2 3
cfi=(50) /build/buildd/eglibc-2.15/string/../sysdeps/i386/i686/multiarch/../../strrchr.S
cfn=(236) __GI_strrchr
calls=1 +3 
* 68
+1 2
+3 3
+1 3
+2 5

fl=(69) /build/buildd/eglibc-2.15/io/../sysdeps/unix/syscall-template.S
fn=(428) __open_nocancel
82 54
cob=(1)
cfi=(1)
cfn=(322)
calls=9 -82 
* 18
* 36

fn=(470) __read_nocancel
82 132
cob=(1)
cfi=(1)
cfn=(322)
calls=22 -82 
* 44
* 88

fn=(620) __close_nocancel
82 36
cob=(1)
cfi=(1)
cfn=(322)
calls=9 -82 
* 18
* 36

fn=(340) __write_nocancel
82 3156
cob=(1)
cfi=(1)
cfn=(322)
calls=526 -82 
* 1052
* 2104

fn=(426) open
82 18
cfn=(428)
calls=9 * 
* 108

fn=(468) read
82 44
cfn=(470)
calls=22 * 
* 264

fn=(338) write
82 1052
cfn=(340)
calls=526 * 
* 6312

fl=(71) /build/buildd/eglibc-2.15/string/../sysdeps/i386/i686/multiarch/../mempcpy.S
fn=(344) __GI_mempcpy
44 24921
+1 24921
+2 24921
+2 24921
+2 24921
+2 24921
+1 24921
+1 24921
+1 17060
+1 17060
+1 17060
-1 7861
+1 7861
+1 5321
+1 168047
+2 24921
+2 24921
+5 24921

fl=(40)
fn=(176)
55 7957960
+1 7957960

fl=(75) /build/buildd/eglibc-2.15/malloc/malloc.c
fn=(404) _int_malloc
3447 13853
cfi=(40)
cfn=(176)
calls=1979 55 
* 3958
* 1979
+30 1979
-30 1979
+30 15832
+8 1979
-8 1979
+8 1979
+1 18
+2 6
-2 6
+6 6
-4 6
+4 6
3930 14
3521 3958
+1 3956
+1 1978
+2 1978
-3 1978
+3 3956
+1 2
+36 4
+1 2
+1 2
cfn=(406) malloc_consolidate
calls=1 4225 
* 793
3917 1979
-2 1979
+2 9895
-2 3958
+2 29685
3602 1979
3917 11874
3602 3958
-19 9895
+2 5
-1 5
+1 10
+1 10
+3 5
+10 20
+31 5
+4 5
-5 5
+1 5
+4 5
-33 5
-1 10
+53 3948
+58 3948
+71 1974
+4 1974
-3 3948
-1 1974
+4 1974
-3 1974
+1 3948
+1 3948
+6 7896
+2 23670
+2 17748
+96 1974
+1 5922
+2 3948
+17 4
3635 5
+1 5
-1 5
+1 10
3904 1977
-1 1977
+1 3954
+26 13839
3712 3
+3 3
3562 3
3896 1972
+2 3944
-3 1972
+1 1972
+2 1972
-1 1972
+1 5916
+2 1972
-2 7888
+2 3946
2370 2
+11 2
-11 8
+1 2
+10 4
+58 2
+9 2
-9 2
+9 2
-9 2
+9 11
+6 3
-6 2
+9 8
2742 4
+1 2
+5 4
+3 4
+2 2
+2 2
-3 2
+3 2
-2 2
+2 2
-1 2
+1 6
+1 2
-1 4
+3 2
-2 2
3925 16
2507 4
+19 2
-19 2
+8 2
-8 2
+19 2
-19 2
+19 2
-19 4
+19 4
+8 2
-8 2
+8 2
+1 10
cfi=(88) /build/buildd/eglibc-2.15/malloc/morecore.c
cfn=(408) __default_morecore
calls=2 48 
* 165
+2 6
-2 2
+2 2
+2 4
+1 4
+17 4
+26 6
+1 1
+1 2
+6 1
-6 2
+6 1
-6 2
+6 1
-6 2
+6 3
+1 5
+2 4
+40 5
+19 2
+3 2
+1 3
+2 2
+1 4
cfi=(88)
cfn=(408)
calls=1 48 
* 35
+12 2
-12 1
+12 1
+5 2
+1 2
+17 1
3926 1
2697 1
+1 1
-1 2
+1 1
+11 1
-13 1
+1 1
+1 1
+11 1
-84 2

fn=(544) calloc
3251 15760
cfi=(40)
cfn=(176)
calls=1970 55 
* 3940
* 1970
+10 5910
+3 7880
+8 3940
+1 3940
+10 19700
+7 1970
+8 3940
-7 1970
-1 1970
+1 1970
+7 3940
+7 5910
cfn=(404)
calls=1970 3447 
* 283882
+3 1970
-3 1970
+3 17730
+23 7880
+4 5910
+46 7
-36 1970
-3 1970
+3 3940
-13 1970
+13 3940
+10 1970
+1 3940
+1 3940
+2 3940
+7 1
-3 1
+1 1
+1 1
+1 1
+3 1
-2 1
+1 1
+1 1
+3 1
-2 1
+1 1
+1 1
-27 5910
+15 7876
cfi=(107)
cfn=(546)
calls=1969 52 
* 71044
+21 13783

fn=(406)
4225 3
+22 1
-22 3
cfi=(40)
cfn=(176)
calls=1 55 
* 2
* 3
+22 3
1913 127
+1 127
-2 127
+2 254
-2 127
+6 3
+5 2
+2 2
4320 6
1922 3

fn=(630) _int_free
3938 70
+13 10
-13 20
cfi=(40)
cfn=(176)
calls=10 55 
* 20
* 10
+13 20
+6 30
-19 10
+19 10
+1 20
+10 20
+13 20
+72 20
+1 10
3949 10
4054 20
+18 40
+6 10
-10 10
+10 10
+8 30
+7 20
+1 10
-2 10
+2 20
+6 30
+4 20
+1 1
+2 1
-1 1
+2 10
+3 30
+5 20
+4 8
+9 8
-1 8
+1 8
-1 8
+2 16
-1 2
-1 2
+1 2
-1 2
+2 4
+7 10
-2 10
+1 10
+1 10
+2 3
+1 3
+2 3
+1 3
+2 9
-3 3
+4 3
+30 6
-34 7
+1 7
+2 21
-3 7
+4 7
+30 14
4063 70
+2 20
+52 28
+1 4
+78 30
+1 30
+1 50
+10 60
4080 30
-2 20

fn=(394) malloc
2910 27
cfi=(40)
cfn=(176)
calls=9 55 
* 18
* 45
+5 18
+1 18
+3 24
+2 56
+3 24
cfn=(404)
calls=8 3447 
* 939
+1 8
-1 8
+1 8
+20 32
+1 64
+3 63
-32 4
cfi=(84) /build/buildd/eglibc-2.15/malloc/hooks.c
cfn=(396) malloc_hook_ini
calls=1 30 
* 69309
* 2

fn=(395) malloc'2
2910 3
cfi=(40)
cfn=(176)
calls=1 55 
* 2
* 5
+5 2
+1 2
+3 3
+2 7
+3 3
cfn=(404)
calls=1 3447 
* 1187
+1 1
-1 1
+1 1
+20 4
+1 8
+3 7

fn=(362) free
2954 4432688
cfi=(40)
cfn=(176)
calls=2216344 55 
* 4432688
* 6649032
+5 4432688
+1 4432688
+5 4432688
+3 10
+2 30
+14 30
+1 10
+1 20
-1 10
cfn=(630)
calls=10 3938 
* 1139
+1 6649002

fl=(114) /build/buildd/eglibc-2.15/stdio-common/printf_fp.c
fn=(588) __printf_fp
163 78
+57 13
-24 13
+2 13
-35 13
cfi=(40)
cfn=(176)
calls=13 55 
* 26
* 13
+57 52
+59 13
-59 26
+59 13
+2 104
+1 26
+23 65
+97 13
+4 39
cfi=(115) /build/buildd/eglibc-2.15/math/../sysdeps/ieee754/dbl-64/s_isnan.c
cfn=(590) isnan
calls=13 32 
* 208
* 39
-93 13
178 13
-1 13
356 13
-2 13
+2 13
-2 13
+67 39
cfi=(116) /build/buildd/eglibc-2.15/math/../sysdeps/ieee754/dbl-64/s_isinf.c
cfn=(592) isinf
calls=13 21 
* 234
* 39
1274 91
477 13
+12 13
-12 78
+1 13
+3 52
+1 26
+1 26
-2 13
+2 13
-1 13
+8 13
-7 13
+7 13
-9 13
+1 13
+8 13
+9 5
+15 5
+41 2
-41 1
+41 1
-41 1
+41 1
-41 2
+34 1
+2 2
-1 8
cfi=(122) /build/buildd/eglibc-2.15/string/../sysdeps/i386/i686/multiarch/../memcpy.S
cfn=(652) __GI_memcpy
calls=1 44 
* 29
* 1
+15 3
+11 26
-2 24
-54 12
+4 60
-4 1
+4 5
+2 2
-88 117
cfi=(117) /build/buildd/eglibc-2.15/stdlib/../sysdeps/ieee754/dbl-64/dbl2mpn.c
cfn=(594) __mpn_extract_double
calls=13 34 
* 442
* 13
+4 52
+68 2
-1 1
-1 1
+2 5
-2 12
cfi=(118) /build/buildd/eglibc-2.15/stdlib/../sysdeps/i386/lshift.S
cfn=(596) __mpn_lshift
calls=1 35 
* 28
+3 1
-3 1
+3 8
+1 1
-1 2
+1 1
+1 6
+52 7
cfi=(123) /build/buildd/eglibc-2.15/stdlib/cmp.c
cfn=(654) __mpn_cmp
calls=1 39 
* 19
* 4
+3 8
cfi=(122)
cfn=(652)
calls=1 44 
* 29
+1 3
+1 4
+1 1
-1 1
+1 4
+91 24
828 84
cfi=(118)
cfn=(596)
calls=12 35 
* 336
+1 12
-1 12
+1 48
+1 12
+4 12
+10 24
-10 12
+10 12
-10 12
+10 36
+2 12
-2 12
+2 12
-12 1
+10 2
-10 1
+10 1
-10 1
+10 3
+2 1
-2 1
+2 1
+10 26
+20 52
+1 39
+21 13
-6 26
+6 39
-6 13
+8 91
+4 13
-61 13
+61 26
+14 52
+7 26
fi=(96) /build/buildd/eglibc-2.15/stdio-common/../nptl/sysdeps/pthread/allocalim.h
28 26
fe=(114)
935 78
-9 13
+10 13
+3 13
-3 13
+3 13
-3 13
+3 13
+3 117
+3 13
-1 13
+1 13
cfn=(598) hack_digit.12670
calls=13 236 
* 996
* 1
-1 1
+1 1
cfn=(598)
calls=1 236 
* 180
-3 14
+3 14
-3 40
160 13
942 13
+6 78
+2 13
-3 13
+3 52
+1 13
-4 13
+4 39
+12 13
+1 26
+1 13
+7 64
-7 154
+1 282
+3 64
-1 64
+1 64
cfn=(598)
calls=64 236 
* 4552
* 64
+1 192
+2 24
-6 8
+15 26
cfn=(598)
calls=13 236 
* 881
+1 26
+4 20
+23 20
+5 258
+2 22
-2 22
+3 22
-3 66
+2 10
-2 10
+3 10
-3 70
+5 30
+2 20
+2 70
+11 50
+70 145
+3 40
-1 40
-2 80
+7 26
+3 39
+13 39
+46 91
+2 39
213 13
1175 39
+2 13
-2 13
+2 78
213 13
1180 26
+7 65
+9 39
+8 52
+2 26
+2 13
-2 13
cfi=(63) /build/buildd/eglibc-2.15/string/../sysdeps/i386/i686/multiarch/../../i586/strlen.S
cfn=(308) __GI_strlen
calls=13 47 
* 156
+3 13
-3 13
+2 39
+5 26
+1 26
-1 13
+2 39
+11 78
+1 13
+6 26
-6 13
+6 65
+3 76
+3 76
-6 153
+1 153
+1 39
+2 52
cfi=(71)
cfn=(344)
calls=13 44 
* 195
* 26
576 1
+6 2
-6 1
+6 1
+4 9
+4 2
+2 2
1182 52
+61 39
-1 13
+18 65
+3 39
+7 39
877 39
+14 13
-1 13
+1 26
1184 26
+76 52
160 13
1260 672
cfi=(65) /build/buildd/eglibc-2.15/libio/genops.c
cfn=(332) __overflow
calls=23 244 
* 1426
* 134
606 2
+15 6
+16 9
cfi=(124)
cfn=(656)
calls=1 35 
* 36
+2 1
+1 1
-1 1
+1 1
-1 1
+1 9
cfi=(124)
cfn=(656)
calls=1 35 
* 36
+2 9
876 26
618 5
-32 6

fn=(598)
236 455
+3 91
-3 91
cfi=(40)
cfn=(176)
calls=91 55 
* 182
* 91
+3 182
+2 91
+2 91
-2 182
+7 14
+4 40
cfi=(125) /build/buildd/eglibc-2.15/stdlib/divrem.c
cfn=(658) __mpn_divrem
calls=4 57 
* 332
+1 16
+4 4
-4 4
+1 4
+2 4
+1 26
+1 1
-1 1
+7 3
-16 3
+20 15
cfi=(119) /build/buildd/eglibc-2.15/stdlib/../sysdeps/i386/mul_1.S
cfn=(600) __mpn_mul_1
calls=3 41 
* 81
* 20
cfi=(119)
cfn=(600)
calls=4 41 
* 132
+1 14
+1 20
+4 42
-31 336
+1 504
cfi=(119)
cfn=(600)
calls=84 41 
* 2940
* 84
+30 504
-17 9

fl=(80) /build/buildd/eglibc-2.15/misc/../sysdeps/unix/sysv/linux/getclktck.c
fn=(376) __getclktck
30 14
cfi=(81) /build/buildd/eglibc-2.15/signal/../sysdeps/unix/syscall-template.S
cfn=(378) 0x0012bd57
calls=14 +54 
* 28
* 14
+1 70
+1 14

fl=(118)
fn=(596)
35 13
+2 13
+2 13
+3 13
+2 13
+2 13
+1 13
+7 13
+2 13
+3 13
+1 13
+1 13
+1 13
+1 13
+2 13
+1 13
+8 13
+1 13
+1 13
+1 13
+1 13
+2 13
+1 13
+2 13
+3 13
+3 13
+3 13
+5 13

fl=(88)
fn=(408)
48 3
+1 9
cfi=(89) /build/buildd/eglibc-2.15/misc/sbrk.c
cfn=(410) sbrk
calls=3 -14 
* 173
+2 9
+2 6

fl=(103) /build/buildd/eglibc-2.15/ctype/ctype.c
fn=(510) isalpha
28 8966
cfi=(81)
cfn=(378)
calls=8966 +56 
* 17932
* 71728

fn=(516) toupper
52 10152
cfi=(40)
cfn=(176)
calls=3384 +3 
* 6768
* 3384
+1 30456
+1 6768

fn=(530) isspace
35 1015
cfi=(81)
cfn=(378)
calls=1015 +49 
* 2030
* 8120

fl=(53)
fn=(246) intel_check_word
163 84
cfi=(40)
cfn=(176)
calls=12 55 
* 24
* 12
+1 12
-1 12
+1 12
+8 12
-2 54
273 9
170 27
+14 60
+53 66
+21 2
+14 30
+1 240
cfi=(54)
cfn=(248)
calls=30 27 
* 5634
+2 60
+2 28
+14 10
+6 28
172 56
+2 60
+2 60
301 10
+1 72
-44 2
+34 6
-13 4
+2 4
+2 4

fn=(250)
145 196
+7 196
+1 196
-1 784
+3 378
+1 392

fn=(242) init_cacheinfo
552 5
cfi=(40)
cfn=(176)
calls=1 55 
* 2
* 2
+13 3
+7 2
+2 3
cfn=(244) handle_intel
calls=1 307 
* 2481
+4 1
-4 1
+4 2
cfn=(244)
calls=1 307 
* 2498
-1 1
+3 1
-2 1
+2 1
+11 2
+18 5
+7 9
+6 2
-6 12
+6 4
+3 15
+2 3
+6 5
+26 2
+12 4
+75 2
+2 2
+1 1
+2 1
-3 1
+4 3
+1 1
+3 2
+2 1
+1 1
-1 1
+3 1
-3 1
+4 2
+1 1
-1 1
+3 6
-93 5
-88 3
cfn=(244)
calls=1 307 
* 1911
-1 1
+1 2

fn=(244)
307 9
+6 3
-6 6
+1 6
+13 6
+1 6
+2 3
-5 6
+11 12
+5 3
-5 9
+5 3
+7 15
cfn=(246)
calls=3 163 
* 2763
+1 6
+3 15
cfn=(246)
calls=3 163 
* 2028
+1 6
+3 15
cfn=(246)
calls=3 163 
* 63
+1 6
+3 15
cfn=(246)
calls=3 163 
* 1840
+1 6
-31 5
+13 3
+1 3
-1 7
+22 3
+2 4
+3 15

fl=(62) /build/buildd/eglibc-2.15/libio/ioputs.c
fn=(306) puts
35 14
+2 7
-2 7
cfi=(40)
cfn=(176)
calls=7 +20 
* 14
* 21
+2 7
-2 7
+2 7
cfi=(63)
cfn=(308)
calls=7 +10 
* 925
+1 14
-1 7
+1 126
+2 21
+1 66
+1 42
cfi=(64) /build/buildd/eglibc-2.15/libio/fileops.c
cfn=(310) _IO_file_xsputn@@GLIBC_2.1
calls=6 1309 
* 2063
-1 1
+1 7
cfi=(64)
cfn=(310)
calls=1 1309 
* 685
* 14
+1 28
+1 21
fi=(70)
984 21
+1 77
fe=(62)
48 49
-7 2
+2 21
cfi=(65)
cfn=(332)
calls=7 244 
* 1344
* 14

fl=(104) /build/buildd/eglibc-2.15/libio/fputc.c
fn=(522) fputc
35 21640
cfi=(40)
cfn=(176)
calls=4328 +20 
* 8656
* 12984
+3 4328
-3 4328
+3 60592
+1 34614
fi=(70)
984 12984
+1 47608
fe=(104)
42 30296
-3 8
cfi=(65)
cfn=(332)
calls=2 244 
* 292
* 4

fl=(113) /build/buildd/eglibc-2.15/string/../sysdeps/i386/i686/multiarch/strcmp-ssse3.S
fn=(586) __strcmp_ssse3
225 88541
+1 88541
+6 88541
+1 88541
+1 88541
+1 11726
+1 11726
+2 11726
+1 11726
+1 11726
+1 6028
+1 6028
+2 6022
+1 6022
+1 6022
+1 4589
+1 4589
+2 4137
+1 4137
+1 4137
+1 3484
+1 3484
+2 1720
+1 1720
+1 1720
+1 1713
+1 1713
+2 1108
+1 1108
+1 1108
+1 1072
+1 1072
+2 586
+1 586
+1 586
+1 578
+1 578
+2 410
+1 410
+1 410
+1 410
+1 410
+2 148
+1 148
+2 148
+1 148
+1 148
+1 148
+1 148
+1 148
+1 148
+1 148
+1 148
+1 148
+1 148
+1 148
+1 148
+21 148
+1 148
+1 148
+1 148
+1 148
+1 148
2129 148
+1 148
+2 148
+1 148
+2 53
+1 53
+2 6
+1 6
+38 95
+1 95
+12 95
+1 95
+7 47
+1 47
+12 47
+1 47
+7 6
+1 6
+12 6
+1 6
2373 84650
+1 84650
+1 48222
+14 84650
+31 3743
+1 3743

fl=(92) /build/buildd/eglibc-2.15/libio/iofwrite.c
fn=(438) fwrite
37 117530
+1 58765
-1 235060
cfi=(40)
cfn=(176)
calls=58765 +18 
* 117530
* 176295
+1 58765
+3 117530
+2 1057770
+1 528886
+1 7
cfi=(64)
cfn=(310)
calls=1 1309 
* 375
* 411348
cfi=(64)
cfn=(310)
calls=58764 1309 
* 6125381
* 176295
fi=(70)
984 176295
+1 352590
fe=(92)
51 117530
+4 411355
-11 58764
-5 58764
+5 235056
fi=(70)
985 352590
fe=(92)

fl=(101) /build/buildd/eglibc-2.15/misc/../sysdeps/unix/sysv/linux/llseek.c
fn=(494) llseek
31 28
+5 14
-5 14
+5 28
-5 14
+5 14
-5 14
cfi=(40)
cfn=(176)
calls=14 +24 
* 28
* 14
+5 70
cob=(1)
cfi=(1)
cfn=(322)
calls=14 -36 
* 28
* 56
-2 56
+3 70

fl=(125)
fn=(658)
57 24
cfi=(40)
cfn=(176)
calls=4 -2 
* 8
* 8
+3 16
+40 4
+1 4
-43 4
+42 8
+3 4
-2 4
+1 4
+1 4
+1 4
+2 8
+6 24
+25 24
-20 8
+1 4
-1 4
+1 12
+4 4
-4 8
+4 8
+19 24
+1 8
+5 16
+7 4
+4 16
+1 12
-47 12
+49 4
+84 4
-84 4
+1 4
+83 24

fl=(128) /build/buildd/eglibc-2.15/stdlib/cxa_finalize.c
fn=(694) __cxa_finalize
31 5
cfi=(40)
cfn=(176)
calls=1 +24 
* 2
* 3
+4 4
+4 7
-4 3
+32 3
+4 8
-4 3
+12 2
+1 1
+2 5
-2 1
cfi=(129)
cfn=(696)
calls=1 -51 
* 25

fl=(60) /build/buildd/eglibc-2.15/stdlib/cxa_atexit.c
fn=(274) __internal_atexit
34 2
cfi=(40)
cfn=(176)
calls=1 +21 
* 2
* 2
+1 3
cfn=(276) __new_exitfn
calls=1 +38 
* 52
+2 2
+4 3
+2 1
+1 2
+1 2
+2 1
+1 1
+1 3

fn=(276)
73 1
+6 1
-6 1
+6 1
-6 4
cfi=(40)
cfn=(176)
calls=1 -18 
* 2
* 1
+6 4
+2 8
+2 3
-2 2
+10 1
-10 2
+45 1
+1 2
+3 4
+3 7
-35 2
+14 1
+1 2
-19 2

fn=(272) __cxa_atexit
57 2
cfi=(40)
cfn=(176)
calls=1 -2 
* 2
* 2
+1 9
cfn=(274)
calls=1 -24 
* 76
+1 3

fl=(42) /build/buildd/eglibc-2.15/string/../sysdeps/i386/i686/multiarch/strncase.S
fn=(180) strncasecmp
27 1
+3 1
cfi=(40)
cfn=(176)
calls=1 +25 
* 2
+1 1
+1 1
+1 1
+2 1
+1 1
+1 1
+1 1
+1 1
+1 1
+2 1
+3 1

fl=(94) /build/buildd/eglibc-2.15/stdio-common/scanf.c
fn=(452) scanf
30 3
cfi=(40)
cfn=(176)
calls=1 +25 
* 2
* 1
+4 1
+1 8
cfi=(95)
cfn=(454) _IO_vfscanf
calls=1 214 
* 1251
+4 3

fl=(63)
fn=(308)
47 20
+2 20
+2 20
+2 20
+1 14
+2 13
+1 13
+2 13
+1 13
+2 13
+7 1
+1 1
+2 1
+1 1
+26 1
+1 1
+2 1
+1 1
+2 1
+1 1
-7 25
+1 25
+2 25
+1 25
+2 25
+1 25
+2 25
+2 25
+2 25
+3 25
+1 25
+2 25
+1 25
+2 25
+1 25
+2 23
+2 23
+2 23
+3 22
+1 22
+2 22
+1 22
+2 22
+1 22
+2 21
+2 21
+2 21
+3 20
+1 20
+2 20
+1 20
+2 20
+1 20
+2 19
+2 19
+2 19
+3 7
+1 7
+2 7
+1 7
+2 5
+1 5
+2 5
+2 3
+1 3
+2 3
+1 3
+2 1
+3 1
+4 1
-4 19
+4 19

fl=(112) /build/buildd/eglibc-2.15/string/../sysdeps/i386/i686/multiarch/strcmp.S
fn=(584) strcmp
67 1
+3 1
cfi=(40)
cfn=(176)
calls=1 -15 
* 2
+1 1
+1 1
+1 1
+2 1
+1 1
+1 1
+1 1
+1 1
+1 1
+2 1
+3 1

fl=(43) /build/buildd/eglibc-2.15/string/../sysdeps/i386/i686/multiarch/memrchr.S
fn=(182) memrchr
45 1
+2 1
cfi=(40)
cfn=(176)
calls=1 +8 
* 2
+1 1
+1 1
+1 1
+3 1
+1 1
+1 1
+1 1
+16 1
+1 1
+2 1

fl=(50)
fn=(236)
37 1
+3 1
+3 1
+1 1
+2 1
+7 1
+1 1
+1 1
+1 1
+13 1
+1 1
+1 1
+1 1
+1 1
+2 1
+1 1
+1 1
+2 1
+1 1
+79 1
+1 1
+1 1
+1 1
+1 1
+8 1
+1 1
+1 1
+3 1
+2 1
+1 1
+1 1
+11 1
-13 1
+1 1
+1 1
+11 1
+4 2
+3 2
+1 2
+4 2
+6 1
+2 1
+1 1
+3 1
+1 1
+1 1
+1 1
+2 1
+85 1
+1 1
+2 1
+1 1
+2 1
+1 1
+2 1
+1 1
+2 1
+1 1
+1 1
+2 1
+1 1
+8 1
+3 1
+5 1

fl=(100)
fn=(488)
45 98
cfi=(40)
cfn=(176)
calls=14 +10 
* 28
* 14
+1 14
-1 84
+1 14
+9 112
+1 28
+15 140
cfi=(64)
cfn=(490) _IO_file_seekoff@@GLIBC_2.1
calls=14 978 
* 4004
+1 84
-17 18
+1 24

fl=(64)
fn=(424) _IO_file_open
226 72
cfi=(40)
cfn=(176)
calls=9 55 
* 18
* 9
+4 27
-4 18
+4 9
-1 9
-3 18
+4 27
-1 9
+4 9
cfi=(69)
cfn=(426)
calls=9 82 
* 126
* 9
+4 18
+3 18
+1 9
-1 9
-1 9
+1 18
+1 9
-1 9
+1 9
+7 18
cfi=(65)
cfn=(420) _IO_link_in
calls=9 104 
* 171
+2 63

fn=(310)
1309 3419570
+7 3419570
-7 13678280
cfi=(40)
cfn=(176)
calls=3419570 55 
* 6839140
* 10258710
+6 3419570
-6 3419570
+6 3419570
+7 912370
+17 1094580
+32 3102
cfn=(312) _IO_file_overflow@@GLIBC_2.1
calls=517 850 
* 80715
* 1034
+7 3102
+1 3619
+2 2068
+11 1034
+1 3054
cfi=(65)
cfn=(330) _IO_default_xsputn
calls=509 452 
* 43070
* 1018
-53 364740
+3 1094400
+4 704772
+15 472590
-1 315060
+1 3798975
-1 2532650
+2 315060
-2 157530
+2 157530
+2 472590
+2 630120
-2 74652
+2 99536
+28 364948
+1 20517420
-72 88
+1 44
-1 44
+1 88
+3 132
+2 168
-2 964
+2 1362
+2 64
+18 24884
+5 24884
-5 74652
cfi=(71)
cfn=(344)
calls=24884 44 
* 513718
* 74652
-22 56

fn=(318) _IO_file_stat
1246 11
+2 77
cfi=(67) /build/buildd/eglibc-2.15/io/../sysdeps/unix/sysv/linux/fxstat64.c
cfn=(320) __fxstat64@@GLIBC_2.2
calls=11 46 
* 187
+4 22

fn=(708) _IO_file_setbuf@@GLIBC_2.1
466 1
+1 1
-1 2
cfi=(40)
cfn=(176)
calls=1 55 
* 2
* 3
+1 5
cfi=(65)
cfn=(710) _IO_default_setbuf
calls=1 +95 
* 88
* 2
+4 2
-1 2
+2 3
+3 5

fn=(334) new_do_write
526 1578
+2 526
-2 1052
cfi=(40)
cfn=(176)
calls=526 55 
* 1052
* 1578
+2 526
-2 526
+2 526
+15 3682
cfn=(336) _IO_file_write@@GLIBC_2.1
calls=526 1282 
* 27934
* 526
+1 1578
+7 526
-4 526
+4 526
-4 1578
+1 1052
+3 1028
-2 502
+4 3514
-4 24
+4 168
-18 2104
+9 1052
+6 1554

fn=(626) _IO_file_finish@@GLIBC_2.1
207 45
cfi=(40)
cfn=(176)
calls=9 55 
* 18
* 9
+1 18
+6 27
cfi=(65)
cfn=(628) _IO_default_finish
calls=9 687 
* 369
+1 36

fn=(312)
850 2840
cfi=(40)
cfn=(176)
calls=568 55 
* 1136
* 1704
+1 568
-1 568
+1 1136
+7 3372
+35 1136
+3 98
+3 98
+1 49
-1 98
+1 98
+1 112
+4 98
+1 3408
-45 34
+12 18
+9 36
+5 9
+2 9
-2 9
+3 9
-6 9
+1 9
+1 9
+4 9
-1 9
+1 27
+1 2
+12 7
-1 7
+1 7
-1 21
cfn=(328) _IO_do_write@@GLIBC_2.1
calls=7 514 
* 840
* 14
-5 4
+1 1
-1 3
-2 519
-1 519
+1 519
-1 1557
cfn=(328)
calls=519 514 
* 62387
* 519
-31 4
cfi=(65)
cfn=(314) _IO_doallocbuf
calls=2 419 
* 322
+1 12
+33 6
cfn=(328)
calls=1 514 
* 129
* 3

fn=(616) _IO_file_close_it@@GLIBC_2.1
163 45
cfi=(40)
cfn=(176)
calls=9 55 
* 18
* 18
+2 9
-2 9
+2 9
+4 9
+3 9
-3 9
-1 18
+6 9
+3 9
-3 9
cfi=(65)
cfn=(604) _IO_unsave_markers
calls=9 1116 
* 144
+3 18
+4 27
+9 45
cfi=(65)
cfn=(326) _IO_setb
calls=9 404 
* 396
+1 27
+1 27
+2 18
cfi=(65)
cfn=(614) _IO_un_link
calls=9 64 
* 162
+5 9
-4 9
+4 9
-3 9
+1 18
+3 63
-23 36
cfn=(618) _IO_file_close
calls=9 1273 
* 126
* 18
-7 70
cfn=(328)
calls=7 514 
* 896
* 14

fn=(336)
1282 526
+2 526
-2 3156
+2 2104
+11 526
+1 526
-12 1052
+5 4208
cfi=(69)
cfn=(338)
calls=526 82 
* 7364
* 526
+1 1052
+9 2104
+1 56
+2 2630
-18 1578

fn=(418) _IO_file_init@@GLIBC_2.1
148 45
cfi=(40)
cfn=(176)
calls=9 -93 
* 18
* 9
+5 9
-1 18
+3 18
cfi=(65)
cfn=(420)
calls=9 -51 
* 801
+2 9
-1 9
+1 27

fn=(422) _IO_file_fopen@@GLIBC_2.1
259 54
+11 9
-11 9
cfi=(40)
cfn=(176)
calls=9 55 
* 18
* 18
+11 18
+2 43
436 63
281 8
-1 8
-1 8
-25 16
+43 32
-43 2
+43 81
+6 1
+2 1
-3 2
-7 2
+43 99
cfn=(424)
calls=9 226 
* 720
+3 9
-3 9
+3 9
+17 54
cfi=(91)
cfn=(430)
calls=9 53 
* 234
+1 9
-1 9
+1 9
-83 1
-16 1
+15 2

fn=(466) _IO_file_read
1221 66
+3 154
cfi=(69)
cfn=(468)
calls=22 82 
* 308

fn=(712) _IO_file_sync@@GLIBC_2.1
912 5
cfi=(40)
cfn=(176)
calls=1 55 
* 2
* 1
+5 4
+2 1
+1 2
+17 3
+4 4

fn=(460) _IO_file_underflow@@GLIBC_2.1
558 110
cfi=(40)
cfn=(176)
calls=22 55 
* 44
* 44
+8 22
-8 22
+8 44
+6 66
+3 66
+13 44
+10 20
+2 3
fi=(70)
984 3
+1 12
fe=(64)
608 2
cfi=(65)
cfn=(464) _IO_switch_to_get_mode
calls=1 187 
* 22
* 42
cfi=(65)
cfn=(464)
calls=21 187 
* 462
+6 22
+5 22
-5 44
+1 22
+2 22
-1 44
+3 154
cfn=(466)
calls=22 1221 
* 528
+2 44
+10 30
-3 15
+3 60
+1 84
+1 28
+1 84
-1 2
+1 48
-11 7
+1 7
+6 14
-52 3
+5 2
cfi=(65)
cfn=(314)
calls=1 419 
* 167
* 2
+19 5
cfn=(312)
calls=1 850 
* 155
* 1

fn=(618)
1273 36
cfi=(69)
cfn=(620)
calls=9 82 
* 90

fn=(328)
514 534
+2 534
-2 1068
+2 3172
cfn=(334)
calls=526 +10 
* 55238
* 2104
+1 1602

fn=(490)
978 126
cfi=(40)
cfn=(176)
calls=14 55 
* 28
* 14
+7 14
-7 14
+6 28
-6 14
+7 14
-1 15
+3 42
+11 67
+4 39
+13 40
+45 70
+4 118
+1 6
-1 12
+1 12
+3 12
-1 6
+1 24
-1 12
+1 6
-1 6
+2 6
-2 12
+2 12
-70 1
+1 2
-1 1
cfi=(65)
cfn=(464)
calls=1 187 
* 195
* 2
+3 3
+3 24
+5 16
cfi=(65)
cfn=(314)
calls=8 419 
* 1240
+1 8
+4 8
-4 24
+1 24
+3 8
1118 12
cfi=(65)
cfn=(604)
calls=6 -2 
* 96
+1 60
cfn=(492) _IO_file_seek
calls=6 1233 
* 306
* 6
+1 12
-1 6
+1 6
+4 6
-1 6
+15 6
-16 6
+2 18
+1 18
+13 6
-15 6
+15 36
-61 8
+4 28
+4 56
+1 8
-1 16
+1 8
-1 8
+1 24
+1 8
-1 8
+1 40
+5 56
cfn=(492)
calls=8 1233 
* 408
+1 8
-1 16
+1 8
+2 24
985 41
-1 26
1087 16
+8 24
+15 56
+3 24
+2 8
-5 8
+2 8
+1 8
+2 8
-1 8
-2 16
+26 8
-26 8
+26 56
-69 12

fn=(492)
1233 28
+2 28
-2 14
cfi=(40)
cfn=(176)
calls=14 55 
* 28
* 14
+2 112
cfi=(101)
cfn=(494)
calls=14 31 
* 448
+4 42

fl=(59) /build/buildd/eglibc-2.15/csu/libc-start.c
fn=(270) (below main)
96 5
cfi=(40)
cfn=(176)
calls=1 -41 
* 2
* 4
+10 4
+52 1
-52 1
+52 1
+1 4
cfi=(60)
cfn=(272)
calls=1 57 
* 94
+22 4
+3 2
+1 8
cob=(5) /home/aq/MIPT_Prog/Asm/Hash/a.out
cfi=(56) ???
cfn=(278) __libc_csu_init
calls=1 0 
* 54
+4 4
+15 2
+9 3
cfi=(61) /build/buildd/eglibc-2.15/setjmp/../sysdeps/i386/bsd-_setjmp.S
cfn=(298) _setjmp
calls=1 36 
* 16
+1 2
+5 2
+1 2
+3 2
+3 8
cob=(5)
cfi=(56)
cfn=(300) main
calls=1 0 
* 599299685
+32 2
cfi=(126) /build/buildd/eglibc-2.15/stdlib/exit.c
cfn=(660) exit
calls=1 99 
* 1804
106 2

fl=(67)
fn=(320)
46 11
+3 11
-3 11
cfi=(40)
cfn=(176)
calls=11 +9 
* 22
* 11
+3 44
cob=(1)
cfi=(1)
cfn=(322)
calls=11 -49 
* 22
* 33
+33 22

fl=(52) /build/buildd/eglibc-2.15/elf/dl-altinit.c
fn=(240) dlinit_alt
41 2
cfi=(40)
cfn=(176)
calls=1 +14 
* 2
* 1
-8 4
+10 2

fl=(55) /build/buildd/eglibc-2.15/libio/oldstdfiles.c
fn=(252) _IO_check_libio
78 3
cfi=(40)
cfn=(176)
calls=1 -23 
* 2
* 1
+1 3
+13 3

fl=(81)
fn=(378)
84 19990

fl=(44) /build/buildd/eglibc-2.15/wcsmbs/../sysdeps/i386/i686/multiarch/wcslen.S
fn=(184) wcslen
37 1
+3 1
cfi=(40)
cfn=(176)
calls=1 +15 
* 2
+1 1
+1 1
+1 1
+2 1
+1 1
+1 1
+1 1
+1 1
+3 1

fl=(89)
fn=(410)
35 9
cfi=(40)
cfn=(176)
calls=3 +20 
* 6
* 15
+8 18
+4 6
+4 6
+3 4
cfi=(90) /build/buildd/eglibc-2.15/misc/../sysdeps/unix/sysv/linux/i386/brk.c
cfn=(412) brk
calls=2 -18 
* 50
+1 6
+3 21
-14 1
+1 1
-1 1
cfi=(90)
cfn=(412)
calls=1 -8 
* 25
* 4

fl=(76) /build/buildd/eglibc-2.15/time/../sysdeps/unix/sysv/linux/clock.c
fn=(368) clock
26 42
cfi=(40)
cfn=(176)
calls=14 +29 
* 28
* 42
+2 28
cfi=(77) /build/buildd/eglibc-2.15/posix/../sysdeps/unix/sysv/linux/x86_64/sysconf.c
cfn=(370) sysconf
calls=14 +5 
* 616
* 14
+9 42
cfi=(82)
cfn=(380)
calls=14 -11 
* 224
+2 28
+3 14
+3 14
-3 14
+3 14
-3 28
-1 28
+4 28
-4 14
+4 14

fl=(90)
fn=(412)
36 15
cfi=(40)
cfn=(176)
calls=3 +19 
* 6
* 3
+5 12
cob=(1)
cfi=(1)
cfn=(322)
calls=3 -41 
* 6
* 6
+2 6
+8 3
-6 6
+7 12

fl=(115)
fn=(590)
32 13
+2 52
+5 13
-3 26
-1 13
+1 39
+1 26
+1 13
+1 13

fl=(108) /build/buildd/eglibc-2.15/libio/iopadn.c
fn=(550) _IO_padn
41 59715
cfi=(40)
cfn=(176)
calls=11943 +14 
* 23886
* 59715
+7 11943
+1 23886
-1 11943
+3 11943
-1 11943
+1 11943
-1 11943
+8 47772
+8 23886
+2 83601
cfi=(64)
cfn=(310)
calls=11943 1309 
* 729608
+4 47772
-3 11943
+3 35829

fl=(95)
fn=(504)
2978 19288
+1 9644
-1 9644
cfi=(40)
cfn=(176)
calls=9644 55 
* 19288
* 9644
+1 67508
cfn=(454)
calls=9644 214 
* 3415033
+1 28932

fn=(454)
214 9645
+11 9645
-11 48225
cfi=(40)
cfn=(176)
calls=9645 55 
* 19290
* 28935
+11 9645
-11 9645
320 9645
-95 19290
+89 9645
-88 9645
-1 9645
+89 9645
-88 9645
+94 67517
+3 67515
+4 19290
+8 9645
+6 9645
-6 9645
+8 28935
+15 9645
-15 9645
+15 77160
+5 19290
+4 9645
-92 9645
-2 9645
-1 9645
+95 9645
-98 9645
-4 9645
-1 9645
-1 9645
-1 9645
-12 9645
-20 9645
-10 9645
-1 9645
-1 9645
367 19290
+37 19290
+25 9645
+1 9645
-1 9645
+1 9645
+26 9638
-89 28914
2925 9638
223 9638
2925 19276
+10 28935
+2 19290
+3 28935
+3 19290
+17 28914
+6 67515
320 19286
475 9645
-6 9645
+6 38580
+49 67515
+80 48225
+5 58547
+20 13470
-19 30966
+3 10322
+1 10322
-1 5161
+1 20644
+6 92813
+3 30906
-3 13
+3 10379
+1 5161
-13 10322
+13 5161
-13 5161
+14 30930
cfi=(65)
cfn=(472) _IO_sputbackc
calls=5155 727 
* 92790
* 5155
+4 54045
211 48225
493 48225
211 9645
493 9645
+21 38580
+7 9645
-7 9645
+10 38580
2935 135030
358 154320
1386 1
-1 1
+9 11
+5 1
-5 1
+5 1
472 1
1399 2
+9 2
1720 20
+2 8
+5 28
+57 2
+1 2
-1 4
+27 7
cfi=(65)
cfn=(472)
calls=1 727 
* 18
* 1
+3 3
+1 1
-1 1
+1 1
-1 1
+4 1
-3 2
+14 3
+3 3
+2 2
+2 3
1431 3
+3 4
1011 10320
691 8968
1777 15
+2 6
-2 3
+2 9
+2 33
-52 4
1434 3
1825 1
-1 1
+1 1
-1 1
+1 6
cfi=(97)
cfn=(476)
calls=1 98 
* 194
* 2
+36 3
1366 19274
-2 19274
1840 2
+2 2
729 4484
-35 13452
+35 4484
-35 4484
+35 17936
+3 44825
+59 4481
-59 4481
+59 8962
-59 2
+59 2
-59 2
+59 4
-57 4483
+57 8966
-57 8966
+61 4483
-4 8966
+4 8966
+34 4483
+2 4483
-2 4483
+2 4483
-2 4483
+2 8966
1013 25800
+2 46398
+10 10308
-10 5154
+10 15462
+71 30924
-3 62424
+2 62424
+1 20808
-1 41616
+1 41616
+42 166464
1025 20808
1138 20808
1025 72732
+2 25770
cfi=(65)
cfn=(472)
calls=5154 727 
* 92772
1140 15462
+40 15462
+2 5154
-2 5154
+2 5154
1857 8
729 53808
1013 61920
+2 24
+2 36
734 6
1777 7
fi=(96)
28 2
fe=(95)
1777 17
452 13449
839 13449
1777 3
732 6
cfi=(65)
cfn=(456) __uflow
calls=3 368 
* 491
* 11
2945 21
620 57
cfi=(65)
cfn=(456)
calls=19 368 
* 3481
* 99

fl=(111) /build/buildd/eglibc-2.15/string/../sysdeps/i386/i686/multiarch/strcpy-ssse3.S
fn=(564) __strcpy_ssse3
78 1963
+1 1963
+6 1963
+1 1963
+1 1263
+1 1263
+1 1245
+1 1245
+1 1115
+1 1115
+1 809
+1 809
+1 562
+1 562
+1 340
+1 340
+1 196
+1 196
+5 104
+1 104
+1 31
+1 31
+1 6
+1 6
2826 700
+1 700
+1 700
+10 700
+4 18
+1 18
+1 18
+10 18
+4 130
+1 130
+1 130
+1 130
+1 130
+10 130
+4 306
+1 306
+1 306
+10 306
+4 247
+1 247
+1 247
+1 247
+1 247
+10 247
+4 222
+1 222
+1 222
+1 222
+1 222
+10 222
+4 144
+1 144
+1 144
+1 144
+1 144
+10 144
+4 92
+1 92
+1 92
+6 92
+4 73
+1 73
+1 73
+1 73
+1 73
+10 73
+4 25
+1 25
+1 25
+1 25
+1 25
+10 25
+4 6
+1 6
+1 6
+1 6
+1 6
+10 6

fl=(117)
fn=(594)
34 13
+2 26
+2 26
-4 13
+9 13
-9 26
+4 13
-4 26
+4 13
+1 13
+4 13
+14 13
-18 52
+3 13
+15 26
-14 13
-1 13
+15 13
+47 26
+4 78

fl=(119)
fn=(600)
41 91
+2 91
+2 91
+2 91
+3 91
+2 91
+2 91
+1 91
+8 91
+1 91
+1 91
+1 182
+4 91
+1 91
+1 91
+1 91
+1 91
+1 91
+2 91
+1 91
-8 87
+1 87
+1 87
+1 87
+1 87
+1 87
+2 87
+1 87
+1 91
+2 91
+3 91
+3 91
+3 91
+5 91

fl=(84)
fn=(396)
30 3
cfi=(40)
cfn=(176)
calls=1 +25 
* 2
* 3
+1 2
+1 1
cfi=(85)
cfn=(398)
calls=1 370 
* 68057
+2 1
-1 1
+1 2
-1 1
cfi=(75)
cfn=(395)
calls=1 2910 
* 1236

fl=(116)
fn=(592)
21 13
+2 52
+4 13
-3 52
+1 39
+1 52
+1 13

fl=(122)
fn=(652)
44 2
+1 2
+1 2
+1 2
+2 2
+1 2
+1 2
+1 2
+1 2
+1 2
+2 2
+1 2
+2 2
+1 2
+11 2
+1 2
+1 2
+1 2
+1 8
+2 2
+1 2
+2 2
+2 2
+1 2
+1 2
+4 2

fl=(93) /build/buildd/eglibc-2.15/stdio-common/fprintf.c
fn=(446) fprintf
28 29321
+4 29321
+1 175926
cfi=(73)
cfn=(352)
calls=29321 211 
* 35252987
+4 58642

fl=(98)
fn=(478)
232 5
+14 1
-14 1
cfi=(40)
cfn=(176)
calls=1 55 
* 2
* 1
+14 1
+12 3
+22 1
-1 1
+10 8
+9 8
+2 2
+5 2
+5 1
+1 2
-7 1
+7 1
+3 4
+10 3
+7 2
+48 1
+1 1
-1 1
+5 1
-4 1
+58 2
+2 5
+16 1
-16 2
+16 3
-14 9
-2 4
+49 3
+1 2
+5 3
+3 3
-2 2
+17 6
+18 6
334 4
-82 1
+82 1
+42 2
+94 9
+3 18
+5 6
+1 9
-41 14
+46 2

fl=(66) /build/buildd/eglibc-2.15/libio/filedoalloc.c
fn=(316) _IO_file_doallocate
99 55
cfi=(40)
cfn=(176)
calls=11 -44 
* 22
* 22
+15 22
-15 11
+14 11
+1 88
cfi=(64)
cfn=(318)
calls=11 1246 
* 297
* 22
+2 44
+11 22
-14 11
+14 22
+1 33
+3 77
cfi=(68)
cfn=(324)
calls=11 -96 
* 275
* 22
+1 66
cfi=(65)
cfn=(326)
calls=11 404 
* 253
+1 11
+1 66
-13 4
fi=(131) /build/buildd/eglibc-2.15/libio/../sysdeps/unix/sysv/linux/sys/sysmacros.h
-74 10
fe=(66)
+74 2
-2 4
+5 4

fl=(86)
fn=(400)
127 4
+2 1
-2 2
cfi=(40)
cfn=(176)
calls=1 -72 
* 2
* 4
+5 4
cob=(1)
cfi=(2) /build/buildd/eglibc-2.15/elf/rtld.c
cfn=(52) rtld_lock_default_lock_recursive
calls=1 843 
* 3
+3 6
-10 1
+11 5
+1 13
+1 2
-2 6
+10 4
cob=(1)
cfi=(2)
cfn=(54) rtld_lock_default_unlock_recursive
calls=1 849 
* 3
+3 7
31 3
+1 1
+3 2
+6 1
-1 1
+6 1
-5 1
-1 1
+6 1
-5 1
+2 1
-3 1
+3 2
+3 1
+5 11
+2 3
+1 2
-1 3030
+1 2020
+2 1818
+69 909
-63 909
-6 909
+69 3636
-63 2727
+63 2872
-63 4308
+2 9380
+1 19235
+7 11725
-21 4045
+49 3
+1 2
+1 3
+3 3
+12 1
+24 1
-24 1
+1 2

fl=(106) /build/buildd/eglibc-2.15/stdio-common/_itoa.c
fn=(538) _itoa_word
175 124756
+4 31189
-4 31189
cfi=(40)
cfn=(176)
calls=31189 55 
* 62378
* 124756
+4 124756
+7 111988
+18 148830
-8 1516781
-1 111120
+9 38304

fl=(61)
fn=(298)
36 1
+1 1
+4 1
+1 1
+1 1
+1 1
+2 2
+2 1
+1 1
+2 2
+2 1
+2 1
+2 1
+1 1

fl=(74) /build/buildd/eglibc-2.15/string/../sysdeps/i386/strchrnul.S
fn=(354) strchrnul
38 2228520
+4 2228520
+1 2228520
+7 2228520
+1 2228520
+1 2228520
+1 2228520
+13 2228520
+1 2228520
+1 2194378
+1 2194378
+1 2194378
+1 1114946
+1 1114946
+1 36114
+2 36114
+1 36114
+1 35988
+1 35988
+1 35988
+1 35988
+1 35988
+1 35388
+2 35388
+1 35388
+1 18033
+1 18033
+1 18033
+1 17433
+1 17433
+1 17433
+3 17433
+32 35404
+2 35404
+1 35404
+2 35404
+1 35404
+10 35404
-14 69056
+1 69056
+2 69056
+1 69056
+10 69056
+4 99305
+3 99305
+1 99305
+4 99305
+6 88988
+1 88988
+1 88988
+3 88988
+1 81851
+1 81851
+1 81851
+2 81851
+2 81839
+1 81839
+2 81839
+1 81839
+3 81839
+1 81726
+1 81726
+1 81726
+2 81726
+1 81608
+1 81608
+1 81608
+3 81608
+1 80339
+1 80339
+1 80339
+2 80339
+2 76447
+1 76447
+2 76447
+1 76447
+3 76447
+1 76433
+1 76433
+1 76433
+2 76433
+1 66774
+1 66774
+1 66774
+3 66774
+1 65166
+1 65166
+1 65166
+2 65166
+2 58049
+1 58049
+2 58049
+1 58049
+3 58049
+1 58049
+1 58049
+1 58049
+2 58049
+1 43097
+1 43097
+1 43097
+3 43097
+1 41822
+1 41822
+1 41822
+2 41822
+2 22645
+1 22645
+1 22645
+6 22645
+1 22645
-8 18398
+1 18398
+6 18398
+1 18398
-7 5392
+6 5392
+1 5392
-1 22621
+1 22621
+1 52597
+1 52597
+1 52597
+2 52597
+1 52597
+1 36274
+1 36274
+1 36274
+2 36274
+1 36274
+1 36274
+1 8515
+1 8515
+3 8508
+4 8508
+5 8508
-5 2220012
+5 2220012

fl=(51) /build/buildd/eglibc-2.15/ctype/ctype-info.c
fn=(238) __ctype_init
31 1
+2 1
-2 2
cfi=(40)
cfn=(176)
calls=1 +24 
* 2
* 2
+2 7
+2 4
+2 2
+1 2
-1 2
+1 2

fl=(110) /build/buildd/eglibc-2.15/string/../sysdeps/i386/i686/multiarch/strcpy.S
fn=(562) strcpy
77 1
+3 1
cfi=(40)
cfn=(176)
calls=1 -25 
* 2
+1 1
+1 1
+1 1
+2 1
+1 1
+1 1
+1 1
+1 1
+1 1
+1 1
+1 1
+1 1
+1 1
+3 1

fl=(123)
fn=(654)
39 1
+11 1
-11 4
+4 2
+2 1
+1 1
+1 2
+8 4
+1 3

fl=(126)
fn=(660)
99 2
cfi=(40)
cfn=(176)
calls=1 -44 
* 2
* 2
+1 6
cfn=(662) __run_exit_handlers
calls=1 -63 
* 1792

fn=(662)
37 6
cfi=(40)
cfn=(176)
calls=1 +18 
* 2
* 5
+50 1
-45 3
+37 1
-33 2
+33 1
-33 2
+3 1
-1 4
+2 1
-2 1
+2 4
+24 1
+4 2
-2 2
+2 2
cob=(1)
cfi=(127) /build/buildd/eglibc-2.15/elf/dl-fini.c
cfn=(664) _dl_fini
calls=1 +55 
* 1408
+1 1
+4 1
+1 1
-1 1
+1 1
+6 2
+1 5
cfi=(65)
cfn=(704) _IO_cleanup
calls=1 1007 
* 323
* 3
+2 2
cfi=(130) /build/buildd/eglibc-2.15/posix/../sysdeps/unix/sysv/linux/i386/_exit.S
cfn=(714) _Exit
calls=1 -68 
* 3

fl=(48) /build/buildd/eglibc-2.15/csu/../sysdeps/unix/sysv/linux/init-first.c
fn=(232) _init
53 3
cfi=(40)
cfn=(176)
calls=1 +2 
* 2
* 7
+6 3
+17 1
-2 1
+1 1
+1 1
+14 4
cfi=(49)
cfn=(234)
calls=1 -59 
* 98
+13 5
-5 1
cfi=(51)
cfn=(238)
calls=1 -67 
* 27
-30 2
-9 1
+9 3

fl=(120) /build/buildd/eglibc-2.15/libio/iofclose.c
fn=(612) fclose@@GLIBC_2.1
43 63
cfi=(40)
cfn=(176)
calls=9 +12 
* 18
* 9
+9 18
+5 36
+3 153
+4 27
-3 18
fi=(70)
984 18
+1 108
fe=(120)
66 45
cfi=(64)
cfn=(626)
calls=9 207 
* 522
+1 27
+18 54
+2 9
+1 18
cfi=(75)
cfn=(362)
calls=9 2954 
* 1244
+4 63
-10 27
-24 18
cfi=(65)
cfn=(614)
calls=9 +6 
* 840
* 27
+4 18
cfi=(64)
cfn=(616)
calls=9 163 
* 2321
* 27

fl=(65)
fn=(414) _IO_no_init
648 18
+1 9
-1 9
cfi=(40)
cfn=(176)
calls=9 55 
* 18
* 63
+1 27
cfn=(416) _IO_old_init
calls=9 -35 
* 243
+3 9
-2 9
+2 9
+15 9
-13 9
+1 9
+1 9
+1 9
+1 9
+1 9
+1 9
+1 9
+1 9
+1 9
+1 9
+1 9
+2 9
+3 9
+1 54

fn=(604)
1116 60
cfi=(40)
cfn=(176)
calls=15 55 
* 30
* 15
+2 45
+19 45
+2 45

fn=(330)
452 509
+4 509
-4 2036
+3 509
-3 509
cfi=(40)
cfn=(176)
calls=509 55 
* 1018
* 1018
+3 2545
+5 2104
+2 1500
+3 1000
+10 2856
+5 1428
-1 952
+1 8991
-1 6946
+2 476
-2 476
+2 476
+2 476
+2 952
-2 24
+2 202
cfi=(64)
cfn=(312)
calls=17 850 
* 697
* 51
+2 17
+1 17
-20 120
cfi=(71)
cfn=(344)
calls=24 44 
* 488
+5 48
-5 48
+21 1018
+1 3054

fn=(706) _IO_flush_all_lockp
823 7
cfi=(40)
cfn=(176)
calls=1 55 
* 2
* 1
+6 3
+6 1
-1 1
-10 1
+12 2
+4 3
-1 3
-1 3
+1 3
+3 9
+2 6
+1 6
+7 6
+4 3
-2 3
+2 6
+7 3
-27 6
+31 2
+2 3
+4 7
-31 9

fn=(416)
614 18
+1 18
+1 9
+1 9
+1 9
+1 9
+1 9
+1 9
+1 9
+1 9
+1 9
+1 9
+2 9
+1 9
+1 9
+1 9
+1 9
+2 9
+3 27
+1 36

fn=(614)
64 189
cfi=(40)
cfn=(176)
calls=27 -9 
* 54
* 27
+1 54
+4 54
+1 90
+2 9
-2 9
+1 9
+1 144
+2 27
+2 18
+7 4
+1 4
-1 4
+7 18
+2 9
-2 9
+2 63
+2 9
-1 9
+1 81
+1 18
+3 162
-12 1
+1 1
-1 1
+2 1
+4 54
-13 8
+1 8
-1 16

fn=(464)
187 69
+1 69
+3 69
+4 23
+1 23
-1 23
+1 23
+7 23
-4 23
+2 46
+3 23
-1 23
+2 69
-16 5
cfi=(64)
cfn=(312)
calls=1 850 
* 164
* 4

fn=(332)
244 160
cfi=(40)
cfn=(176)
calls=32 55 
* 64
* 32
+2 96
+1 4
+1 6
cfi=(64)
cfn=(312)
calls=1 850 
* 59
* 186
cfi=(64)
cfn=(312)
calls=31 850 
* 2327
+1 128

fn=(628)
687 45
cfi=(40)
cfn=(176)
calls=9 55 
* 18
* 9
+2 27
+6 27
+3 27
+6 18
cfn=(614)
calls=9 64 
* 162
+6 36

fn=(704)
1007 5
cfi=(40)
cfn=(176)
calls=1 55 
* 2
* 2
+3 2
cfn=(706)
calls=1 823 
* 99
-59 2
+59 1
-59 1
+11 2
-9 9
+2 2
-1 4
+3 4
+5 15
+7 5
+10 6
cfi=(64)
cfn=(708)
calls=1 466 
* 116
+2 2
+6 3
-36 9
+71 7
-51 1
+4 1
-4 1
+2 1
+1 1
+1 1
-2 1
+3 4
+5 3
+1 11

fn=(472)
727 41240
+3 30930
+1 30930
+9 10310
+3 30930
-10 10310
+1 10310
-1 20620

fn=(326)
404 105
cfi=(40)
cfn=(176)
calls=21 55 
* 42
* 21
+1 83
+2 42
+1 42
+1 63
+3 10
+1 40
-3 11
+3 44
-7 63
cfi=(121) /build/buildd/eglibc-2.15/misc/../sysdeps/unix/syscall-template.S
cfn=(622) munmap
calls=9 82 
* 99
* 9

fn=(458) _IO_default_uflow
439 66
+1 88
cfi=(64)
cfn=(460)
calls=22 558 
* 2644
+1 44
+2 60
+1 66
-2 14

fn=(314)
419 55
cfi=(40)
cfn=(176)
calls=11 55 
* 22
* 11
+1 33
+6 44
-4 22
+1 44
cfi=(66)
cfn=(316)
calls=11 99 
* 1476
* 22

fn=(456)
368 110
cfi=(40)
cfn=(176)
calls=22 55 
* 44
* 22
+2 176
+6 66
+3 66
+2 66
+6 66
+7 88
cfn=(458)
calls=22 +45 
* 2982
+1 88
-25 22
+1 22
-1 22
+4 66
+18 66

fn=(420)
104 90
cfi=(40)
cfn=(176)
calls=18 -49 
* 36
* 36
+1 18
-1 18
+1 36
+4 9
-2 18
+2 45
+1 90
+2 9
-2 9
+1 9
+1 9
-2 9
+2 9
-2 9
+2 117
+2 9
-2 9
+4 9
+2 9
-4 9
+1 9
+3 63
+2 18
-1 9
+1 63
+1 18
+3 108
-6 63

fn=(710)
562 8
+1 1
-1 1
cfi=(40)
cfn=(176)
calls=1 55 
* 2
* 1
+1 3
cfi=(64)
cfn=(712)
calls=1 912 
* 22
* 2
+2 2
+2 1
+1 7
cfn=(326)
calls=1 404 
* 25
+7 3
+1 3
+2 7

fl=(87)
fn=(402)
115 3
cfi=(40)
cfn=(176)
calls=1 -60 
* 2
* 1
+2 2
+2 4
-1 2
+2 2

fl=(83) /build/buildd/eglibc-2.15/libio/iofopen.c
fn=(386) fopen@@GLIBC_2.1
106 18
+1 9
-1 9
cfi=(40)
cfn=(176)
calls=9 -51 
* 18
* 9
+1 45
cfn=(388) __fopen_internal
calls=9 -39 
* 74953
+1 27

fn=(432) __fopen_maybe_mmap
43 27
cfi=(40)
cfn=(176)
calls=9 +12 
* 18
* 9
+2 18
+15 18

fn=(388)
68 27
cfi=(40)
cfn=(176)
calls=9 -13 
* 18
* 27
+11 9
-3 18
cfi=(75)
cfn=(394)
calls=9 2910 
* 70667
cob=(1)
cfi=(57) /build/buildd/eglibc-2.15/elf/../sysdeps/i386/dl-trampoline.S
cfn=(264) _dl_runtime_resolve
calls=1 -47 
* 649
+2 9
-2 9
+2 9
+3 18
+3 72
cfi=(65)
cfn=(414)
calls=9 648 
* 603
+4 18
+1 18
cfi=(64)
cfn=(418)
calls=9 +59 
* 963
+4 72
cfi=(64)
cfn=(422)
calls=9 259 
* 1558
+2 9
-2 18
+2 9
cfn=(432)
calls=9 -52 
* 90
* 9
+5 54

fl=(130)
fn=(714)
25 1
+4 1
+1 1

fl=(41) /build/buildd/eglibc-2.15/csu/../sysdeps/x86_64/multiarch/init-arch.c
fn=(178) __init_cpu_features
45 1
+8 1
-8 2
cfi=(40)
cfn=(176)
calls=1 +10 
* 2
* 2
+8 3
+3 1
-11 2
+8 1
+3 5
+92 2
+22 1
-1 1
+1 1
+2 1
+1 3
-1 1
+1 3
32 5
+7 1
-1 1
+1 3
+26 1
-27 1
-6 1
+6 1
-6 1
+37 2
-37 1
+33 1
+4 1
-4 1
+5 1
-38 1
+33 1
+5 1
+5 1
+2 1
-2 1
+3 1
+1 4
+11 1
-32 1
+32 1

fl=(73)
fn=(352)
211 1108167
+35 1108167
-35 5540835
cfi=(40)
cfn=(176)
calls=1108167 55 
* 2216334
* 3324501
+35 1108167
1298 1108167
246 3324501
1298 7757175
+4 6649002
+4 2216334
+1 6649002
+17 1108167
fi=(105) /build/buildd/eglibc-2.15/stdio-common/printf-parse.h
99 4432668
cfi=(74)
cfn=(354)
calls=1108167 -61 
* 18409423
fe=(73)
1339 1108167
fi=(105)
99 1108167
fe=(73)
1339 11081670
+1 14406171
+3 12189837
cfi=(64)
cfn=(310)
calls=1108167 -34 
* 24603251
* 2216334
2007 2
+45 3
cfi=(75)
cfn=(362)
calls=1 2954 
* 16
* 3324498
cfi=(75)
cfn=(362)
calls=1108166 2954 
* 17730656
cob=(1)
cfi=(57)
cfn=(264)
calls=1 29 
* 609
+1 3324501
cfi=(75)
cfn=(362)
calls=1108167 2954 
* 17730672
+2 9973503
+1 3324501
+3 7757169
1298 2216322
+8 3324501
+10 1108167
-3 2216334
+30 3324501
+4 3324501
+4 12189826
259 1108166
-6 1108166
-3 1108166
1328 1108166
-8 1108166
216 2216332
1399 8962824
-3 1120353
-1 1120353
+1 1120353
-18 1120353
+1 1120353
+1 1120353
+1 1120353
+1 1120353
+1 1120353
+1 1120353
+1 1120353
+1 1120353
+1 1120353
+1 1120353
+3 1120353
+1 1120353
+7 1120353
2055 6649002
1399 4481412
2050 2216332
1630 31189
+18 2240706
+8 1120353
fi=(105)
99 1120353
fe=(73)
1656 1120353
fi=(105)
99 3361059
cfi=(74)
cfn=(354)
calls=1120353 -61 
* 21290013
fe=(73)
1660 2240706
fi=(105)
99 1120353
fe=(73)
1660 11203530
cfi=(64)
cfn=(310)
calls=1120353 1309 
* 26251811
* 7842471

ob=(5)
fl=(56)
fn=(576) List_Find_Key(list*, char const*, int*)
0 56694
cob=(3)
cfi=(92)
cfn=(438)
calls=5154 37 
0 841930
0 30924
cob=(3)
cfi=(92)
cfn=(438)
calls=5154 37 
0 1077746
0 41232
cob=(3)
cfi=(93)
cfn=(446)
calls=5154 28 
0 8119330
0 25770
cfn=(566) List_Is_OK(list*)
calls=5154 0 
0 2315155
0 25770
cfn=(532) Hashtable_Error_Catch(int, char const*, ...)
calls=5154 0 
0 2231682
0 587209
cob=(3)
cfi=(113)
cfn=(586)
calls=88541 225 
0 893100
cob=(1)
cfi=(57)
cfn=(264)
calls=1 29 
0 825
0 215992
cob=(3)
cfi=(93)
cfn=(446)
calls=3891 28 
0 3172884
0 23346
cob=(3)
cfi=(92)
cfn=(438)
calls=3891 37 
0 832074
0 23346
cob=(3)
cfi=(92)
cfn=(438)
calls=3891 37 
0 654842
0 888995
cfn=(566)
calls=1263 0 
0 405431
0 6315
cfn=(532)
calls=1263 0 
0 546879
0 35983
cob=(3)
cfi=(92)
cfn=(438)
calls=1263 37 
0 204854
0 7578
cob=(3)
cfi=(92)
cfn=(438)
calls=1263 37 
0 269739
0 7578
cob=(3)
cfi=(92)
cfn=(438)
calls=1263 37 
0 212184
0 27033

fn=(606) Hashtable_Clear(hashtable*)
0 66
cob=(3)
cfi=(92)
cfn=(438)
calls=6 37 
0 978
0 36
cob=(3)
cfi=(92)
cfn=(438)
calls=6 37 
0 1188
0 36
cob=(3)
cfi=(93)
cfn=(446)
calls=6 28 
0 6162
0 18
cfn=(568) Hashtable_Is_OK(hashtable*)
calls=6 0 
0 310953
0 30
cfn=(532)
calls=6 0 
0 2598
0 6054
cfn=(548) List_Construct(list*)
calls=600 0 
0 4932181
0 2400
cfn=(532)
calls=600 0 
0 259800
0 6654
cfn=(568)
calls=6 0 
0 286956
0 30
cfn=(532)
calls=6 0 
0 2598
0 60
cob=(3)
cfi=(93)
cfn=(446)
calls=6 28 
0 6510
0 36
cob=(3)
cfi=(92)
cfn=(438)
calls=6 37 
0 1218
0 36
cob=(3)
cfi=(92)
cfn=(438)
calls=6 37 
0 1008
0 36

fn=(638) hash_5(char const*, int*)
0 66463
cfn=(640) ROL(int, int)
calls=3468 0 
0 83232
0 36302

fn=(578) List_Add_Elem(list*, elem*, unsigned int)
0 12630
cob=(3)
cfi=(92)
cfn=(438)
calls=1263 37 
0 206109
0 7578
cob=(3)
cfi=(92)
cfn=(438)
calls=1263 37 
0 264144
0 10104
cob=(3)
cfi=(93)
cfn=(446)
calls=1263 28 
0 2392521
0 7578
cob=(3)
cfi=(93)
cfn=(446)
calls=1263 28 
0 992655
0 3789
cfn=(566)
calls=1263 0 
0 405431
0 6315
cfn=(532)
calls=1263 0 
0 546879
0 8841
cfn=(554) Elem_Is_OK(elem*)
calls=1263 0 
0 12630
0 6315
cfn=(532)
calls=1263 0 
0 546879
0 52200
cfn=(566)
calls=982 0 
0 418469
0 2248
cfn=(566)
calls=281 0 
0 10959
0 6315
cfn=(532)
calls=1263 0 
0 546879
0 8841
cfn=(554)
calls=1263 0 
0 12630
0 6315
cfn=(532)
calls=1263 0 
0 546879
0 17682
cob=(3)
cfi=(93)
cfn=(446)
calls=1263 28 
0 1472855
0 7578
cob=(3)
cfi=(92)
cfn=(438)
calls=1263 37 
0 270939
0 7578
cob=(3)
cfi=(92)
cfn=(438)
calls=1263 37 
0 212904
0 6315

fn=(642) hash_6(char const*, int*)
0 62136
cfn=(640)
calls=3468 0 
0 83232
0 69995

fn=(646) List_Destruct(list*)
0 1000
cob=(3)
cfi=(92)
cfn=(438)
calls=100 37 
0 16300
0 600
cob=(3)
cfi=(92)
cfn=(438)
calls=100 37 
0 20800
0 600
cob=(3)
cfi=(93)
cfn=(446)
calls=100 28 
0 112800
0 300
cfn=(566)
calls=100 0 
0 2000
0 500
cfn=(532)
calls=100 0 
0 43300
0 2500
cob=(3)
cfi=(93)
cfn=(446)
calls=100 28 
0 111871
0 600
cob=(3)
cfi=(92)
cfn=(438)
calls=100 37 
0 21540
0 600
cob=(3)
cfi=(92)
cfn=(438)
calls=100 37 
0 16800
0 500

fn=(554)
0 64520

fn=(570) Hashtable_Fill(hashtable*, _IO_FILE*, int (*)(char const*, int*))
0 54
cob=(3)
cfi=(92)
cfn=(438)
calls=6 37 
0 978
0 36
cob=(3)
cfi=(92)
cfn=(438)
calls=6 37 
0 1188
0 48
cob=(3)
cfi=(93)
cfn=(446)
calls=6 28 
0 9390
0 18
cfn=(568)
calls=6 0 
0 286956
0 30
cfn=(532)
calls=6 0 
0 2598
0 78
cob=(3)
cfi=(99)
cfn=(486)
calls=6 37 
0 2032
0 18
cob=(3)
cfi=(75)
cfn=(544)
calls=6 3251 
0 1638
0 36096
cob=(3)
cfi=(102)
cfn=(502)
calls=5154 27 
0 2401812
0 36
cob=(3)
cfi=(102)
cfn=(502)
calls=6 27 
0 4176
0 61866
cfn=(572) Hashtable_Add_Key(hashtable*, char const*, int (*)(char const*, int*))
calls=5154 0 
0 584389155
0 25770
cfn=(532)
calls=5154 0 
0 2231682
0 20658
cob=(3)
cfi=(92)
cfn=(438)
calls=6 37 
0 984
0 36
cob=(3)
cfi=(92)
cfn=(438)
calls=6 37 
0 1218
0 36
cob=(3)
cfi=(92)
cfn=(438)
calls=6 37 
0 1008
0 18

fn=(636) hash_4(char const*, int*)
0 100919

fn=(640)
0 166464

fn=(256) 0x08048700
0 13
cob=(3)
cfi=(59)
cfn=(270)
calls=1 96 
0 599301718
cob=(1)
cfi=(57)
cfn=(264)
calls=1 29 
0 1014

fn=(534) Hashtable_Construct(hashtable*, unsigned int)
0 11
cob=(3)
cfi=(92)
cfn=(438)
calls=1 37 
0 163
0 6
cob=(3)
cfi=(92)
cfn=(438)
calls=1 37 
0 198
0 6
cob=(3)
cfi=(93)
cfn=(446)
calls=1 28 
0 968
0 8
cob=(3)
cfi=(75)
cfn=(544)
calls=1 3251 
0 449
cob=(1)
cfi=(57)
cfn=(264)
calls=1 29 
0 807
0 1006
cfn=(548)
calls=100 0 
0 822880
0 400
cfn=(532)
calls=100 0 
0 43300
0 910
cfn=(568)
calls=1 0 
0 47826
0 5
cfn=(532)
calls=1 0 
0 433
0 10
cob=(3)
cfi=(93)
cfn=(446)
calls=1 28 
0 1085
0 6
cob=(3)
cfi=(92)
cfn=(438)
calls=1 37 
0 203
0 6
cob=(3)
cfi=(92)
cfn=(438)
calls=1 37 
0 168
0 6

fn=(574) hash_1(char const*, int*)
0 26661

fn=(634) hash_3(char const*, int*)
0 94970

fn=(280) 0x0804fa02
0 2

fn=(532)
0 8630656
cob=(3)
cfi=(72)
cfn=(350)
calls=1078832 30 
0 434769296
0 23734304

fn=(568)
0 10472592
cfn=(566)
calls=1032800 0 
0 46082332
0 4131200
cfn=(532)
calls=1032800 0 
0 447202400
0 11484736

fn=(644) Hashtable_Destruct(hashtable*)
0 11
cob=(3)
cfi=(92)
cfn=(438)
calls=1 37 
0 163
0 6
cob=(3)
cfi=(92)
cfn=(438)
calls=1 37 
0 198
0 6
cob=(3)
cfi=(93)
cfn=(446)
calls=1 28 
0 964
0 3
cfn=(568)
calls=1 0 
0 47826
0 5
cfn=(532)
calls=1 0 
0 433
0 1007
cfn=(646)
calls=100 0 
0 352611
0 400
cfn=(532)
calls=100 0 
0 43300
0 1110
cob=(3)
cfi=(75)
cfn=(362)
calls=1 2954 
0 135
cob=(1)
cfi=(57)
cfn=(264)
calls=1 29 
0 776
0 8
cob=(3)
cfi=(93)
cfn=(446)
calls=1 28 
0 1090
0 6
cob=(3)
cfi=(92)
cfn=(438)
calls=1 37 
0 203
0 6
cob=(3)
cfi=(92)
cfn=(438)
calls=1 37 
0 168
0 6

fn=(300)
0 6
cob=(3)
cfi=(62)
cfn=(306)
calls=1 35 
0 996
cob=(1)
cfi=(57)
cfn=(264)
calls=1 29 
0 775
0 2
cob=(3)
cfi=(62)
cfn=(306)
calls=1 35 
0 940
0 2
cob=(3)
cfi=(62)
cfn=(306)
calls=1 35 
0 799
0 2
cob=(3)
cfi=(62)
cfn=(306)
calls=1 35 
0 905
0 2
cob=(3)
cfi=(62)
cfn=(306)
calls=1 35 
0 730
0 2
cob=(3)
cfi=(62)
cfn=(306)
calls=1 35 
0 780
0 2
cob=(3)
cfi=(62)
cfn=(306)
calls=1 35 
0 482
0 5
cob=(3)
cfi=(72)
cfn=(350)
calls=1 30 
0 2900
cob=(1)
cfi=(57)
cfn=(264)
calls=1 29 
0 838
0 3
cob=(3)
cfi=(76)
cfn=(368)
calls=1 26 
0 88
cob=(1)
cfi=(57)
cfn=(264)
calls=1 29 
0 792
0 4
cob=(3)
cfi=(83)
cfn=(386)
calls=1 106 
0 70402
cob=(1)
cfi=(57)
cfn=(264)
calls=1 29 
0 784
0 4
cob=(3)
cfi=(83)
cfn=(386)
calls=1 106 
0 603
0 4
cob=(3)
cfi=(83)
cfn=(386)
calls=1 106 
0 624
0 15
cob=(3)
cfi=(92)
cfn=(438)
calls=1 37 
0 452
cob=(1)
cfi=(57)
cfn=(264)
calls=1 29 
0 807
0 6
cob=(3)
cfi=(92)
cfn=(438)
calls=1 37 
0 173
0 6
cob=(3)
cfi=(92)
cfn=(438)
calls=1 37 
0 173
0 6
cob=(3)
cfi=(92)
cfn=(438)
calls=1 37 
0 163
0 6
cob=(3)
cfi=(92)
cfn=(438)
calls=1 37 
0 162
0 6
cob=(3)
cfi=(92)
cfn=(438)
calls=1 37 
0 193
0 6
cob=(3)
cfi=(92)
cfn=(438)
calls=1 37 
0 153
0 4
cob=(3)
cfi=(93)
cfn=(446)
calls=1 28 
0 603
cob=(1)
cfi=(57)
cfn=(264)
calls=1 29 
0 816
0 6
cob=(3)
cfi=(92)
cfn=(438)
calls=1 37 
0 161
0 6
cob=(3)
cfi=(92)
cfn=(438)
calls=1 37 
0 223
0 6
cob=(3)
cfi=(92)
cfn=(438)
calls=1 37 
0 153
0 6
cob=(3)
cfi=(92)
cfn=(438)
calls=1 37 
0 193
0 6
cob=(3)
cfi=(92)
cfn=(438)
calls=1 37 
0 153
0 4
cob=(3)
cfi=(93)
cfn=(446)
calls=1 28 
0 602
0 6
cob=(3)
cfi=(92)
cfn=(438)
calls=1 37 
0 161
0 6
cob=(3)
cfi=(92)
cfn=(438)
calls=1 37 
0 223
0 6
cob=(3)
cfi=(92)
cfn=(438)
calls=1 37 
0 153
0 6
cob=(3)
cfi=(92)
cfn=(438)
calls=1 37 
0 183
0 6
cob=(3)
cfi=(92)
cfn=(438)
calls=1 37 
0 153
0 4
cob=(3)
cfi=(93)
cfn=(446)
calls=1 28 
0 610
0 6
cob=(3)
cfi=(92)
cfn=(438)
calls=1 37 
0 161
0 6
cob=(3)
cfi=(92)
cfn=(438)
calls=1 37 
0 223
0 6
cob=(3)
cfi=(92)
cfn=(438)
calls=1 37 
0 153
0 6
cob=(3)
cfi=(92)
cfn=(438)
calls=1 37 
0 198
0 6
cob=(3)
cfi=(92)
cfn=(438)
calls=1 37 
0 153
0 4
cob=(3)
cfi=(93)
cfn=(446)
calls=1 28 
0 610
0 6
cob=(3)
cfi=(92)
cfn=(438)
calls=1 37 
0 161
0 6
cob=(3)
cfi=(92)
cfn=(438)
calls=1 37 
0 223
0 6
cob=(3)
cfi=(92)
cfn=(438)
calls=1 37 
0 153
0 6
cob=(3)
cfi=(92)
cfn=(438)
calls=1 37 
0 198
0 6
cob=(3)
cfi=(92)
cfn=(438)
calls=1 37 
0 153
0 4
cob=(3)
cfi=(93)
cfn=(446)
calls=1 28 
0 610
0 6
cob=(3)
cfi=(92)
cfn=(438)
calls=1 37 
0 163
0 6
cob=(3)
cfi=(92)
cfn=(438)
calls=1 37 
0 223
0 6
cob=(3)
cfi=(92)
cfn=(438)
calls=1 37 
0 153
0 6
cob=(3)
cfi=(92)
cfn=(438)
calls=1 37 
0 183
0 6
cob=(3)
cfi=(92)
cfn=(438)
calls=1 37 
0 178
0 4
cob=(3)
cfi=(72)
cfn=(350)
calls=1 30 
0 783
0 5
cob=(3)
cfi=(94)
cfn=(452)
calls=1 30 
0 1269
cob=(1)
cfi=(57)
cfn=(264)
calls=1 29 
0 784
0 12
cob=(3)
cfi=(92)
cfn=(438)
calls=1 37 
0 178
0 6
cob=(3)
cfi=(92)
cfn=(438)
calls=1 37 
0 213
0 6
cob=(3)
cfi=(92)
cfn=(438)
calls=1 37 
0 164
0 6
cob=(3)
cfi=(92)
cfn=(438)
calls=1 37 
0 161
0 7
cob=(3)
cfi=(93)
cfn=(446)
calls=1 28 
0 1609
0 5
cfn=(480) Adapt_Input(_IO_FILE*, _IO_FILE*)
calls=1 0 
0 1838336
0 4
cfn=(532)
calls=1 0 
0 433
0 10
cob=(3)
cfi=(92)
cfn=(438)
calls=1 37 
0 164
0 6
cob=(3)
cfi=(92)
cfn=(438)
calls=1 37 
0 218
0 5
cfn=(534)
calls=1 0 
0 920860
0 5
cfn=(532)
calls=1 0 
0 433
0 9
cob=(3)
cfi=(72)
cfn=(350)
calls=1 30 
0 1270
0 5
cob=(3)
cfi=(93)
cfn=(446)
calls=1 28 
0 973
0 3
cob=(3)
cfi=(83)
cfn=(386)
calls=1 106 
0 604
0 4
cob=(3)
cfi=(76)
cfn=(368)
calls=1 26 
0 88
0 7
cob=(3)
cfi=(92)
cfn=(438)
calls=1 37 
0 178
0 6
cfn=(570)
calls=1 0 
0 100880785
0 5
cfn=(532)
calls=1 0 
0 433
0 10
cob=(3)
cfi=(92)
cfn=(438)
calls=1 37 
0 208
0 1
cob=(3)
cfi=(76)
cfn=(368)
calls=1 26 
0 88
0 9
cob=(3)
cfi=(72)
cfn=(350)
calls=1 30 
0 2410
0 10
cob=(3)
cfi=(93)
cfn=(446)
calls=1 28 
0 2003
0 6
cob=(3)
cfi=(92)
cfn=(438)
calls=1 37 
0 167
0 5
cfn=(602) Hashtable_Print(hashtable*, _IO_FILE*)
calls=1 0 
0 101978
0 5
cfn=(532)
calls=1 0 
0 433
0 10
cob=(3)
cfi=(92)
cfn=(438)
calls=1 37 
0 167
0 3
cfn=(606)
calls=1 0 
0 970935
0 5
cfn=(532)
calls=1 0 
0 433
0 10
cob=(3)
cfi=(92)
cfn=(438)
calls=1 37 
0 166
0 6
cob=(3)
cfi=(92)
cfn=(438)
calls=1 37 
0 168
0 3
cob=(3)
cfi=(120)
cfn=(612)
calls=1 43 
0 662
cob=(1)
cfi=(57)
cfn=(264)
calls=1 29 
0 816
0 3
cob=(3)
cfi=(72)
cfn=(350)
calls=1 30 
0 1270
0 5
cob=(3)
cfi=(93)
cfn=(446)
calls=1 28 
0 973
0 3
cob=(3)
cfi=(83)
cfn=(386)
calls=1 106 
0 571
0 4
cob=(3)
cfi=(76)
cfn=(368)
calls=1 26 
0 88
0 7
cob=(3)
cfi=(92)
cfn=(438)
calls=1 37 
0 178
0 6
cfn=(570)
calls=1 0 
0 97192010
0 5
cfn=(532)
calls=1 0 
0 433
0 10
cob=(3)
cfi=(92)
cfn=(438)
calls=1 37 
0 208
0 1
cob=(3)
cfi=(76)
cfn=(368)
calls=1 26 
0 88
0 9
cob=(3)
cfi=(72)
cfn=(350)
calls=1 30 
0 2410
0 10
cob=(3)
cfi=(93)
cfn=(446)
calls=1 28 
0 2003
0 6
cob=(3)
cfi=(92)
cfn=(438)
calls=1 37 
0 167
0 5
cfn=(602)
calls=1 0 
0 102080
0 5
cfn=(532)
calls=1 0 
0 433
0 10
cob=(3)
cfi=(92)
cfn=(438)
calls=1 37 
0 167
0 3
cfn=(606)
calls=1 0 
0 971086
0 5
cfn=(532)
calls=1 0 
0 433
0 10
cob=(3)
cfi=(92)
cfn=(438)
calls=1 37 
0 166
0 6
cob=(3)
cfi=(92)
cfn=(438)
calls=1 37 
0 168
0 3
cob=(3)
cfi=(120)
cfn=(612)
calls=1 43 
0 662
0 3
cob=(3)
cfi=(72)
cfn=(350)
calls=1 30 
0 1270
0 5
cob=(3)
cfi=(93)
cfn=(446)
calls=1 28 
0 973
0 3
cob=(3)
cfi=(83)
cfn=(386)
calls=1 106 
0 571
0 4
cob=(3)
cfi=(76)
cfn=(368)
calls=1 26 
0 88
0 7
cob=(3)
cfi=(92)
cfn=(438)
calls=1 37 
0 178
0 6
cfn=(570)
calls=1 0 
0 98076434
0 5
cfn=(532)
calls=1 0 
0 433
0 10
cob=(3)
cfi=(92)
cfn=(438)
calls=1 37 
0 208
0 1
cob=(3)
cfi=(76)
cfn=(368)
calls=1 26 
0 88
0 9
cob=(3)
cfi=(72)
cfn=(350)
calls=1 30 
0 2338
0 10
cob=(3)
cfi=(93)
cfn=(446)
calls=1 28 
0 1998
0 6
cob=(3)
cfi=(92)
cfn=(438)
calls=1 37 
0 167
0 5
cfn=(602)
calls=1 0 
0 101944
0 5
cfn=(532)
calls=1 0 
0 433
0 10
cob=(3)
cfi=(92)
cfn=(438)
calls=1 37 
0 167
0 3
cfn=(606)
calls=1 0 
0 971645
0 5
cfn=(532)
calls=1 0 
0 433
0 10
cob=(3)
cfi=(92)
cfn=(438)
calls=1 37 
0 166
0 6
cob=(3)
cfi=(92)
cfn=(438)
calls=1 37 
0 168
0 3
cob=(3)
cfi=(120)
cfn=(612)
calls=1 43 
0 662
0 3
cob=(3)
cfi=(72)
cfn=(350)
calls=1 30 
0 1270
0 5
cob=(3)
cfi=(93)
cfn=(446)
calls=1 28 
0 973
0 3
cob=(3)
cfi=(83)
cfn=(386)
calls=1 106 
0 571
0 4
cob=(3)
cfi=(76)
cfn=(368)
calls=1 26 
0 88
0 7
cob=(3)
cfi=(92)
cfn=(438)
calls=1 37 
0 178
0 6
cfn=(570)
calls=1 0 
0 97083624
0 5
cfn=(532)
calls=1 0 
0 433
0 10
cob=(3)
cfi=(92)
cfn=(438)
calls=1 37 
0 208
0 1
cob=(3)
cfi=(76)
cfn=(368)
calls=1 26 
0 88
0 9
cob=(3)
cfi=(72)
cfn=(350)
calls=1 30 
0 2410
0 10
cob=(3)
cfi=(93)
cfn=(446)
calls=1 28 
0 2003
0 6
cob=(3)
cfi=(92)
cfn=(438)
calls=1 37 
0 167
0 5
cfn=(602)
calls=1 0 
0 102080
0 5
cfn=(532)
calls=1 0 
0 433
0 10
cob=(3)
cfi=(92)
cfn=(438)
calls=1 37 
0 167
0 3
cfn=(606)
calls=1 0 
0 970812
0 5
cfn=(532)
calls=1 0 
0 433
0 10
cob=(3)
cfi=(92)
cfn=(438)
calls=1 37 
0 166
0 6
cob=(3)
cfi=(92)
cfn=(438)
calls=1 37 
0 168
0 3
cob=(3)
cfi=(120)
cfn=(612)
calls=1 43 
0 662
0 3
cob=(3)
cfi=(72)
cfn=(350)
calls=1 30 
0 1270
0 5
cob=(3)
cfi=(93)
cfn=(446)
calls=1 28 
0 973
0 3
cob=(3)
cfi=(83)
cfn=(386)
calls=1 106 
0 571
0 4
cob=(3)
cfi=(76)
cfn=(368)
calls=1 26 
0 88
0 7
cob=(3)
cfi=(92)
cfn=(438)
calls=1 37 
0 178
0 6
cfn=(570)
calls=1 0 
0 98100024
0 5
cfn=(532)
calls=1 0 
0 433
0 10
cob=(3)
cfi=(92)
cfn=(438)
calls=1 37 
0 208
0 1
cob=(3)
cfi=(76)
cfn=(368)
calls=1 26 
0 88
0 9
cob=(3)
cfi=(72)
cfn=(350)
calls=1 30 
0 2410
0 10
cob=(3)
cfi=(93)
cfn=(446)
calls=1 28 
0 2003
0 6
cob=(3)
cfi=(92)
cfn=(438)
calls=1 37 
0 167
0 5
cfn=(602)
calls=1 0 
0 101944
0 5
cfn=(532)
calls=1 0 
0 433
0 10
cob=(3)
cfi=(92)
cfn=(438)
calls=1 37 
0 167
0 3
cfn=(606)
calls=1 0 
0 971616
0 5
cfn=(532)
calls=1 0 
0 433
0 10
cob=(3)
cfi=(92)
cfn=(438)
calls=1 37 
0 166
0 6
cob=(3)
cfi=(92)
cfn=(438)
calls=1 37 
0 168
0 3
cob=(3)
cfi=(120)
cfn=(612)
calls=1 43 
0 662
0 3
cob=(3)
cfi=(72)
cfn=(350)
calls=1 30 
0 1270
0 5
cob=(3)
cfi=(93)
cfn=(446)
calls=1 28 
0 973
0 3
cob=(3)
cfi=(83)
cfn=(386)
calls=1 106 
0 571
0 4
cob=(3)
cfi=(76)
cfn=(368)
calls=1 26 
0 88
0 7
cob=(3)
cfi=(92)
cfn=(438)
calls=1 37 
0 178
0 6
cfn=(570)
calls=1 0 
0 98146736
0 5
cfn=(532)
calls=1 0 
0 433
0 10
cob=(3)
cfi=(92)
cfn=(438)
calls=1 37 
0 208
0 1
cob=(3)
cfi=(76)
cfn=(368)
calls=1 26 
0 88
0 9
cob=(3)
cfi=(72)
cfn=(350)
calls=1 30 
0 2351
0 10
cob=(3)
cfi=(93)
cfn=(446)
calls=1 28 
0 1944
0 6
cob=(3)
cfi=(92)
cfn=(438)
calls=1 37 
0 167
0 5
cfn=(602)
calls=1 0 
0 101944
0 5
cfn=(532)
calls=1 0 
0 433
0 10
cob=(3)
cfi=(92)
cfn=(438)
calls=1 37 
0 167
0 3
cfn=(606)
calls=1 0 
0 971548
0 5
cfn=(532)
calls=1 0 
0 433
0 10
cob=(3)
cfi=(92)
cfn=(438)
calls=1 37 
0 166
0 6
cob=(3)
cfi=(92)
cfn=(438)
calls=1 37 
0 168
0 3
cob=(3)
cfi=(120)
cfn=(612)
calls=1 43 
0 662
0 6
cob=(3)
cfi=(92)
cfn=(438)
calls=1 37 
0 213
0 6
cob=(3)
cfi=(92)
cfn=(438)
calls=1 37 
0 166
0 6
cob=(3)
cfi=(92)
cfn=(438)
calls=1 37 
0 213
0 3
cfn=(644)
calls=1 0 
0 450441
0 5
cfn=(532)
calls=1 0 
0 433
0 5
cob=(3)
cfi=(76)
cfn=(368)
calls=1 26 
0 88
0 11
cob=(3)
cfi=(93)
cfn=(446)
calls=1 28 
0 2744
0 6
cob=(3)
cfi=(92)
cfn=(438)
calls=1 37 
0 162
0 6
cob=(3)
cfi=(92)
cfn=(438)
calls=1 37 
0 183
0 6
cob=(3)
cfi=(92)
cfn=(438)
calls=1 37 
0 183
0 3
cob=(3)
cfi=(120)
cfn=(612)
calls=1 43 
0 667
0 3
cob=(3)
cfi=(120)
cfn=(612)
calls=1 43 
0 538
0 3
cob=(3)
cfi=(120)
cfn=(612)
calls=1 43 
0 551
0 3

fn=(552) Elem_Construct(elem**, char const*)
0 21593
cob=(3)
cfi=(92)
cfn=(438)
calls=1963 37 
0 321169

ob=(3)
fl=(73)
fn=(352)
1660 1120353
+2 2240706
-12 2216332
-4 48748
-16 30331064
cfi=(64)
cfn=(310)
calls=1078832 1309 
* 21576640
* 3329322
cfi=(64)
cfn=(310)
calls=10314 1309 
* 789632
* 19625680
1419 49623
-20 49623
+27 24805
-1 74415
+1 49610
-1 49610
+1 248050
1539 99220
fi=(105)
75 148830
+2 124025
fe=(73)
1511 99220
+7 49610
+18 24805
-27 24805
+27 74415
+3 223245
+63 182
-1 13
+1 13
+27 1245782
cfi=(108)
cfn=(550)
calls=11943 41 
* 1219271
* 438623
cfi=(64)
cfn=(310)
calls=31189 1309 
* 2731673
* 629433
cfi=(106)
cfn=(538)
calls=31189 175 
* 2426047
* 168713
+1 7624022
-1 813260
cfi=(114)
cfn=(588)
calls=13 163 
* 17799
* 104

ob=(5)
fl=(56)
fn=(552)
0 11778
cob=(3)
cfi=(92)
cfn=(438)
calls=1963 37 
0 409984
0 11778
cob=(3)
cfi=(93)
cfn=(446)
calls=1963 28 
0 2078467
0 39042
cob=(3)
cfi=(75)
cfn=(544)
calls=1963 3251 
0 528178
0 17667
cfn=(554)
calls=1963 0 
0 19630
0 7852
cfn=(532)
calls=1963 0 
0 849979
0 19630
cob=(3)
cfi=(111)
cfn=(564)
calls=1963 78 
0 28740
cob=(1)
cfi=(57)
cfn=(264)
calls=1 29 
0 828
0 29445
cfn=(554)
calls=1963 0 
0 19630
0 7852
cfn=(532)
calls=1963 0 
0 849979
0 19630
cob=(3)
cfi=(93)
cfn=(446)
calls=1963 28 
0 2111950
0 11778
cob=(3)
cfi=(92)
cfn=(438)
calls=1963 37 
0 419056
0 11778
cob=(3)
cfi=(92)
cfn=(438)
calls=1963 37 
0 330264
0 11778

fn=(566)
0 49653777

fn=(602)
0 60
cob=(3)
cfi=(92)
cfn=(438)
calls=6 37 
0 978
0 36
cob=(3)
cfi=(92)
cfn=(438)
calls=6 37 
0 1188
0 48
cob=(3)
cfi=(93)
cfn=(446)
calls=6 28 
0 9372
0 54
cob=(3)
cfi=(99)
cfn=(486)
calls=6 37 
0 2556
0 6612
cob=(3)
cfi=(93)
cfn=(446)
calls=600 28 
0 578412
0 4272
cob=(3)
cfi=(93)
cfn=(446)
calls=6 28 
0 6054
0 36
cob=(3)
cfi=(92)
cfn=(438)
calls=6 37 
0 1218
0 36
cob=(3)
cfi=(92)
cfn=(438)
calls=6 37 
0 1008
0 30

fn=(292) 0x0804fa10
0 11

fn=(670) 0x08048730
0 18

fn=(548)
0 7000
cob=(3)
cfi=(92)
cfn=(438)
calls=700 37 
0 114100
0 4200
cob=(3)
cfi=(92)
cfn=(438)
calls=700 37 
0 146320
0 4200
cob=(3)
cfi=(93)
cfn=(446)
calls=700 28 
0 763880
0 6300
cfn=(552)
calls=700 0 
0 3005392
0 2800
cfn=(532)
calls=700 0 
0 303100
0 6300
cfn=(566)
calls=700 0 
0 14000
0 3500
cfn=(532)
calls=700 0 
0 303100
0 7000
cob=(3)
cfi=(93)
cfn=(446)
calls=700 28 
0 784309
0 4200
cob=(3)
cfi=(92)
cfn=(438)
calls=700 37 
0 149820
0 4200
cob=(3)
cfi=(92)
cfn=(438)
calls=700 37 
0 117840
0 3500

fn=(278)
0 5
cfn=(280)
calls=1 0 
0 2
0 5
cob=(2) ???
cfi=(15) ???
cfn=(282) 0x08048554
calls=1 0 
0 31
0 11

fn=(286) 0x08048790
0 8

fn=(480)
0 12
cob=(3)
cfi=(99)
cfn=(486)
calls=1 37 
0 443
cob=(1)
cfi=(57)
cfn=(264)
calls=1 29 
0 784
0 5
cob=(3)
cfi=(99)
cfn=(486)
calls=1 37 
0 443
0 31384
cob=(3)
cfi=(102)
cfn=(502)
calls=4483 27 
0 1268981
0 6
cob=(3)
cfi=(102)
cfn=(502)
calls=1 27 
0 452
cob=(1)
cfi=(57)
cfn=(264)
calls=1 29 
0 800
0 31384
cob=(3)
cfi=(103)
cfn=(510)
calls=4483 28 
0 49313
cob=(1)
cfi=(57)
cfn=(264)
calls=1 29 
0 824
0 22502
cob=(3)
cfi=(103)
cfn=(516)
calls=3384 52 
0 57528
cob=(1)
cfi=(57)
cfn=(264)
calls=1 29 
0 840
0 16920
cob=(3)
cfi=(103)
cfn=(510)
calls=3384 28 
0 37224
0 4396
cob=(3)
cfi=(103)
cfn=(510)
calls=1099 28 
0 12089
0 18521
cob=(3)
cfi=(103)
cfn=(530)
calls=1015 35 
0 11165
cob=(1)
cfi=(57)
cfn=(264)
calls=1 29 
0 848
0 27998
cob=(3)
cfi=(104)
cfn=(522)
calls=4328 35 
0 238334
cob=(1)
cfi=(57)
cfn=(264)
calls=1 29 
0 808
0 4332

fn=(632) hash_2(char const*, int*)
0 29238

fn=(572)
0 56694
cob=(3)
cfi=(92)
cfn=(438)
calls=5154 37 
0 841759
0 30924
cob=(3)
cfi=(92)
cfn=(438)
calls=5154 37 
0 1023589
0 41232
cob=(3)
cfi=(93)
cfn=(446)
calls=5154 28 
0 7543397
0 15462
cfn=(568)
calls=5154 0 
0 259184373
0 25770
cfn=(532)
calls=5154 0 
0 2231682
0 154812
cfn=(642)
calls=859 0 
0 215363
cfn=(638)
calls=859 0 
0 185997
cfn=(636)
calls=859 0 
0 100919
cfn=(634)
calls=859 0 
0 94970
cfn=(632)
calls=859 0 
0 29238
cfn=(574)
calls=859 0 
0 26661
0 20616
cfn=(532)
calls=5154 0 
0 2231682
0 113388
cfn=(576)
calls=5154 0 
0 23782420
0 20616
cfn=(532)
calls=5154 0 
0 2231682
0 42393
cfn=(552)
calls=1263 0 
0 5184063
0 6315
cfn=(532)
calls=1263 0 
0 546879
0 23997
cfn=(578)
calls=1263 0 
0 9037984
0 5052
cfn=(532)
calls=1263 0 
0 546879
0 20514
cfn=(568)
calls=5154 0 
0 259208370
0 25770
cfn=(532)
calls=5154 0 
0 2231682

ob=(3)
fl=(73)
fn=(352)
1629 91

fl=(121)
fn=(622)
82 45
cob=(1)
cfi=(1)
cfn=(322)
calls=9 -82 
* 18
* 27
+1 9

fl=(39) /build/buildd/eglibc-2.15/string/../sysdeps/i386/i686/multiarch/strnlen.S
fn=(174) strnlen
37 1
+3 1
cfi=(40)
cfn=(176)
calls=1 +15 
* 2
+1 1
+1 1
+1 1
+1 1
cfi=(41)
cfn=(178)
calls=1 +1 
* 69
+1 1
+1 1
+1 1
+1 1
+1 1
+3 1

fl=(77)
fn=(370)
33 70
cfi=(40)
cfn=(176)
calls=14 +22 
* 28
* 28
+1 28
-1 14
+1 14
fi=(78) /build/buildd/eglibc-2.15/posix/../sysdeps/unix/sysv/linux/x86_64/../sysconf.c
+38 84
fe=(77)
-34 84
fi=(79) /build/buildd/eglibc-2.15/posix/../sysdeps/posix/sysconf.c
+16 70
fi=(78)
+18 28
fi=(79)
+5 14
cfi=(80)
cfn=(376)
calls=14 -47 
* 140
* 14
fe=(77)

ob=(5)
fl=(56)
fn=(572)
0 51540
cob=(3)
cfi=(93)
cfn=(446)
calls=5154 28 
0 5244091
0 30924
cob=(3)
cfi=(92)
cfn=(438)
calls=5154 37 
0 1049119
0 30924
cob=(3)
cfi=(92)
cfn=(438)
calls=5154 37 
0 868489
0 30924

ob=(4) /usr/lib/valgrind/vgpreload_core-x86-linux.so
fl=(47) ???
fn=(224) 0x00000520
0 5
cfn=(216) 0x00000427
calls=1 0 
0 2
0 8

fn=(216)
0 6

fn=(680) 0x00000370
0 5
cfn=(216)
calls=1 0 
0 2
0 10
cob=(3)
cfi=(128)
cfn=(694)
calls=1 31 
0 72
cob=(1)
cfi=(57)
cfn=(264)
calls=1 29 
0 746
0 14

fn=(214) 0x000003f0
0 4
cfn=(216)
calls=1 0 
0 2
0 9

ob=(2)
fl=(15)
fn=(210) 0x040252f8
0 8
cob=(4)
cfi=(47)
cfn=(214)
calls=1 0 
0 15
0 1
cob=(4)
cfi=(47)
cfn=(224)
calls=1 0 
0 15
0 3

fn=(668) 0x0804fa3c
0 5
cob=(5)
cfi=(56)
cfn=(670)
calls=1 0 
0 18
0 3

fn=(678) 0x04025558
0 5
cob=(4)
cfi=(47)
cfn=(680)
calls=1 0 
0 849
0 3

fn=(282)
0 8
cob=(5)
cfi=(56)
cfn=(286)
calls=1 0 
0 8
0 1
cob=(5)
cfi=(56)
cfn=(292)
calls=1 0 
0 11
0 3

ob=(1)
fl=(10) /build/buildd/eglibc-2.15/elf/../sysdeps/unix/sysv/linux/i386/brk.c
fn=(18) brk
36 5
cfi=(3) /build/buildd/eglibc-2.15/string/../sysdeps/i386/i686/multiarch/../memcmp.S
cfn=(4) 0x00018bab
calls=1 +16 
* 2
* 1
+5 6
+2 1
+8 1
-6 2
+7 4

fl=(16) /build/buildd/eglibc-2.15/elf/dl-minimal.c
fn=(38) calloc
104 48
+7 8
-3 8
+3 8
-7 8
cfi=(3)
cfn=(4)
calls=8 -52 
* 16
* 8
+4 8
+3 16
+4 16
cfn=(42) malloc
calls=8 -20 
* 415
+1 40

fn=(80) strsep
320 28
cfi=(3)
cfn=(4)
calls=4 52 
* 8
* 4
+3 16
+2 8
+1 4
-1 4
+1 4
+4 18
+5 4
-5 171
+5 232
+2 472
+8 59
-15 179
+18 4
+4 28

fn=(42)
95 40
cfi=(3)
cfn=(4)
calls=20 -43 
* 40
* 40
+1 80
cfn=(46) __libc_memalign
calls=20 -43 
* 747
+1 60

fn=(46)
53 84
cfi=(3)
cfn=(4)
calls=21 -1 
* 42
* 84
+1 84
+11 21
+1 21
-1 21
+3 42
-3 21
+3 93
+4 12
+1 6
+6 21
cfi=(23) /build/buildd/eglibc-2.15/misc/../sysdeps/unix/sysv/linux/i386/mmap.S
cfn=(74) mmap
calls=3 -44 
* 69
+2 6
+2 9
+2 9
+3 3
+1 3
+2 18
-3 18
+1 18
+2 108
-31 3
+1 1
-2 3

fl=(31) /build/buildd/eglibc-2.15/elf/dl-deps.c
fn=(122) openaux
62 2
+3 2
-3 8
+7 2
-2 2
-2 2
+2 2
-2 20
cfi=(20) /build/buildd/eglibc-2.15/elf/dl-load.c
cfn=(96) _dl_map_object
calls=2 2276 
* 7945
* 4
+5 10

fn=(120) _dl_map_object_deps
149 7
+1 1
+22 1
-22 3
+15 1
-16 1
+1 3
+15 1
+1 1
-2 1
+2 1
+6 1
-23 1
cfi=(3)
cfn=(4)
calls=1 -97 
* 2
* 1
+23 3
+10 2
-14 1
+14 2
-36 1
+36 3
+1 1
-1 1
-18 1
+2 1
-1 1
+7 1
+10 1
-10 3
+10 7
+23 1
-19 3
+21 1
-2 1
349 1
208 4
349 1
212 1
+1 1
-1 1
+5 1
+4 3
-9 3
+1 3
-1 3
+5 3
+4 9
+12 12
+2 2
+11 2
-4 2
-1 2
-6 2
+7 2
-7 2
+5 2
+3 4
+3 14
+50 6
+1 5
-51 176
+1 88
+6 12
cfi=(24) /build/buildd/eglibc-2.15/string/../sysdeps/i386/i686/multiarch/../../i586/strchr.S
cfn=(76) index
calls=2 49 
* 191
* 6
+2 2
+4 4
-1 12
cfi=(26) /build/buildd/eglibc-2.15/elf/dl-error.c
cfn=(88) _dl_catch_error
calls=2 -98 
* 8117
+2 2
-2 2
+2 4
+15 2
+2 4
+11 2
-6 6
+8 2
-3 2
-2 2
+1 2
+2 2
+4 12
-59 12
-19 2
477 12
+2 8
+3 2
-1 6
cfi=(16)
cfn=(42)
calls=2 95 
* 92
+2 4
-2 2
+2 2
+4 2
-1 2
+1 14
cfi=(17) /build/buildd/eglibc-2.15/string/../sysdeps/i386/i686/multiarch/../memcpy.S
cfn=(48) memcpy
calls=2 44 
* 55
+1 14
cfi=(17)
cfn=(48)
calls=2 44 
* 55
+4 2
-1 2
+5 20
+2 4
+1 23
222 26
+2 2
+2 2
-2 2
+2 6
+2 28
499 1
206 1
499 2
+4 5
+1 2
+3 5
+11 2
-1 2
cfi=(16)
cfn=(42)
calls=1 95 
* 46
+3 1
-3 1
+3 1
+5 3
+1 2
-1 1
+1 2
-1 1
+1 1
+4 16
+4 16
+4 4
-10 12
+13 3
+51 6
+2 4
+43 1
+1 1
-6 1
+5 6
+1 4
cfi=(30) /build/buildd/eglibc-2.15/string/../sysdeps/i386/i686/multiarch/../memset.S
cfn=(114) memset
calls=1 52 
* 20
* 1
146 1
636 2
+2 1
146 1
638 1
146 1
642 2
+1 1
-1 1
+7 1
-6 1
+6 1
-6 2
+6 1
-7 4
+1 2
-1 2
+7 2
-6 2
+6 2
-6 4
+6 2
146 10
651 4
+1 4
-1 2
+1 4
+3 6
-1 9
+23 6
-28 6
+31 12
+3 16
cfi=(30)
cfn=(114)
calls=2 52 
* 35
* 8
213 2
683 1
+7 3
+2 1
+1 1
+8 1
-9 1
+9 2
+3 3
+3 6
299 168
630 8
cfi=(17)
cfn=(48)
calls=1 44 
* 30
+2 3

fl=(8) /build/buildd/eglibc-2.15/elf/../elf/dl-sysdep.c
fn=(66) _dl_important_hwcaps
354 6
cfi=(3)
cfn=(4)
calls=1 52 
* 2
* 4
+3 1
-3 1
+3 1
-1 5
+1 3
+9 2
-10 1
+10 5
+1 7
-1 1
+1 1
+1 1
-2 1
+2 1
-2 6
+1 182
-1 26
+1 26
+1 26
-2 26
+2 26
-2 318
+10 1
-1 1
+1 2
-2 1
+2 2
+44 5
cfi=(21) /build/buildd/eglibc-2.15/io/../sysdeps/unix/syscall-template.S
cfn=(68) access
calls=1 82 
* 18
* 3
-2 2
+17 3
-17 1
+17 2
+3 2
+27 9
+1 270
+2 10
+1 48
+1 2
-1 4
+1 16
+1 2
-1 10
-5 140
+8 3
+2 2
+1 1
-1 1
+1 3
+4 1
+4 1
-4 2
+1 1
+3 1
+3 1
+1 1
-1 1
+4 3
+1 2
+18 7
+1 5
cfi=(16)
cfn=(42)
calls=1 95 
* 46
+1 2
-1 1
+1 1
+7 2
+22 3
+3 1
-3 2
+3 1
+7 18
+6 1
-3 1
+3 5
cfi=(22) /build/buildd/eglibc-2.15/string/../sysdeps/i386/i686/multiarch/../mempcpy.S
cfn=(72) mempcpy
calls=1 44 
* 16
* 3
-3 3
+3 15
cfi=(22)
cfn=(72)
calls=3 44 
* 48
* 4
+3 4
-3 4
+3 24
+1 32
+1 28
cfi=(22)
cfn=(72)
calls=4 44 
* 60
* 12
-2 8
+5 24
cfi=(22)
cfn=(72)
calls=4 44 
* 60
* 8
+2 8
+5 7
+1 16
-1 50
+8 1
-3 4
+3 5
-3 12
+3 18
+1 96
+1 32
-1 32
+1 64
-2 32
+1 64
-1 96
+4 8
+3 1
+1 1
+1 3
-2 1
+1 1
-1 1
+2 1
-2 1
+2 3
352 6
592 9
+3 3
-6 6
+2 18
352 6
594 6
+1 3
-6 6
352 5
602 2
352 1
602 5
+1 1
+2 2
-3 21
+1 7
+2 14
+3 4
+3 7
494 1
+1 5
+1 2
-1 3
+1 2
-1 3
+2 2
+1 2
+2 2
-1 1
+1 1
-1 2
+5 4
-56 2
-12 2

fn=(194) _dl_sysdep_start_cleanup
252 1

fn=(14) _dl_sysdep_start
89 7
cfi=(3)
cfn=(4)
calls=1 -37 
* 2
* 1
+25 1
-1 1
+1 228
+6 1
-6 1
-23 1
+26 1
-3 1
+3 1
+3 1
-2 1
-28 1
+30 15
-10 1
+10 6
-29 2
+30 105
+3 3
-4 1
-34 2
+34 13
-34 20
+34 47
+93 2
-93 4
+93 1
fi=(9) /build/buildd/eglibc-2.15/elf/../sysdeps/unix/sysv/linux/dl-sysdep.c
36 2
cfi=(10)
cfn=(18)
calls=1 * 
* 22
fi=(5) /build/buildd/eglibc-2.15/elf/../sysdeps/i386/dl-machine.h
267 5
fe=(8)
-38 2
cfi=(12) /build/buildd/eglibc-2.15/elf/../misc/sbrk.c
cfn=(24) sbrk
calls=1 35 
* 23
* 3
+12 3
+3 8
cfi=(2)
cfn=(26) dl_main
calls=1 896 
* 102877
+2 7
-67 1
-59 1
+59 1
-93 2
+34 3
+34 1
-34 1
+34 1
-68 2
+34 3
+43 1
-43 1
-34 2
+34 1
+43 1
-43 2
+40 1
-40 1
+40 1
-74 2
+34 1
+40 2
-40 2
+37 1
-37 1
-34 2
+34 1
+37 1
-37 3
+13 1
-13 1
-34 2
+34 1
+13 1
-13 2
+10 1
-10 1
-34 2
+34 1
+10 1
-10 2
+7 1
-7 1
+7 1
-41 2
+34 3
227 2
cfi=(11) /build/buildd/eglibc-2.15/string/../sysdeps/i386/i686/multiarch/../../i586/strlen.S
cfn=(22) strlen
calls=1 47 
* 25
* 2

fl=(58) /build/buildd/eglibc-2.15/elf/dl-runtime.c
fn=(266) _dl_fixup
74 132
+3 22
-1 22
-2 22
cfi=(3)
cfn=(4)
calls=22 -22 
* 44
* 22
+3 44
+3 44
+1 22
+1 22
-1 110
+6 22
-5 44
-1 22
+1 22
+5 22
+4 66
+4 22
-2 22
+2 44
+4 42
+1 63
+2 63
+7 66
-1 22
+11 242
cfi=(7) /build/buildd/eglibc-2.15/elf/dl-lookup.c
cfn=(168) _dl_lookup_symbol_x
calls=22 716 
* 15363
* 44
+4 66
+10 154
+16 22
-8 22
+8 66
+4 66
fi=(5)
277 66
fe=(58)
157 132
fi=(109) /build/buildd/eglibc-2.15/elf/../sysdeps/i386/dl-irel.h
33 2
cob=(3)
cfi=(112)
cfn=(584)
calls=1 +34 
* 15
cob=(3)
cfi=(110)
cfn=(562)
calls=1 +44 
* 18
* 2
fe=(58)

fl=(17)
fn=(48)
44 13
+1 13
+1 13
+1 13
+2 13
+1 13
+1 13
+1 13
+1 13
+1 13
+2 9
+1 9
+2 9
+1 9
+11 9
+1 9
+1 9
+1 9
+1 44
+2 9
+1 15
+2 9
+2 9
+1 9
+1 9
+4 9
-6 4
+1 4
+1 4
+4 4
+6 4
+1 4
+1 2
+1 2
+1 2
-1 2
+1 2
+1 3
+1 25
+2 4

fl=(45) /build/buildd/eglibc-2.15/misc/../sysdeps/unix/syscall-template.S
fn=(198) munmap
82 8
+1 1

fn=(188) mprotect
82 36
+1 4

fl=(12)
fn=(24)
35 3
cfi=(3)
cfn=(4)
calls=1 +17 
* 2
* 4
+8 6
+4 2
+11 6

fl=(13) /build/buildd/eglibc-2.15/elf/dl-environ.c
fn=(30) _dl_next_ld_env_entry
30 3
+1 3
+1 3
+2 13
+2 110
+11 53
-13 159
+17 9
-14 20
+5 2
-3 2
+3 2
+2 2

fl=(30)
fn=(114)
52 9
+1 9
+2 9
+1 9
+5 9
+2 9
+1 9
+2 9
+1 9
+1 4
+1 2
+1 2
+1 2
+1 4
+1 4
+1 4
+5 5
+1 5
+1 5
+2 5
+2 96
+2 5
+1 5
+5 9
+3 9
+8 9

fl=(21)
fn=(70) 0x00018ba7
84 46

fn=(118) close
82 21
+1 3

fn=(108) read
82 18
+1 2

fn=(68)
82 24
+1 6
cfn=(70)
calls=3 +1 
* 6
* 18

fn=(106) open
82 171
+1 35
cfn=(70)
calls=16 +1 
* 32
* 96

fl=(23)
fn=(74)
35 9
+2 9
+2 9
+2 9
+3 9
+2 9
+1 9
+1 9
+2 9
+2 9
+2 9
+1 9
+1 9
+1 9
+2 9
+3 9
+3 9
+3 9
+3 9
+3 9
+24 9
+1 9
+4 9

fl=(27) /build/buildd/eglibc-2.15/setjmp/../sysdeps/i386/setjmp.S
fn=(92) __sigsetjmp
34 3
+4 3
+1 3
+1 3
+1 3
+4 3
+1 3
+4 3
+2 3
+4 3
+1 3

fl=(22)
fn=(72)
44 49
+1 49
+2 49
+2 49
+2 49
+2 49
+1 49
+1 49
+1 14
+1 14
+1 14
-1 35
+1 35
+1 32
+1 147
+2 49
+2 49
+5 49

fl=(14) /build/buildd/eglibc-2.15/elf/dl-object.c
fn=(34) _dl_new_object
63 15
cfi=(3)
cfn=(4)
calls=3 -11 
* 6
* 6
+1 3
-1 12
+1 3
cfi=(11)
cfn=(22)
calls=3 -17 
* 167
+6 6
-6 3
+6 3
+7 18
cfi=(16)
cfn=(38)
calls=3 +27 
* 214
+3 9
-3 3
+3 3
+4 3
-20 3
+20 3
-1 3
+5 6
+1 21
cfi=(17)
cfn=(48)
calls=3 -45 
* 90
* 3
+2 3
-2 3
+4 3
+1 3
-1 3
+1 15
+3 6
+6 3
+3 3
-7 3
+4 3
+3 5
+2 1
-2 3
+2 15
-2 45
+12 3
+4 3
-4 3
+6 3
-5 3
+5 9
+2 6
+3 7
+4 6
+4 8
+8 1
+3 2
+3 4
-3 4
+3 8
+2 6
cfi=(11)
cfn=(22)
calls=2 47 
* 200
+4 2
-4 2
+4 2
-4 2
+4 2
+68 21
70 30
+67 6
-39 6
+31 1
+8 4
+24 4
cfi=(16)
cfn=(42)
calls=2 -66 
* 92
* 2
+1 6
+45 12
cfi=(22)
cfn=(72)
calls=2 44 
* 48
* 2
+5 38
+1 38
-1 38
+1 40
-1 2
+1 2
+2 4
+3 2
+3 4

fn=(50) _dl_add_to_namespace_list
34 9
cfi=(3)
cfn=(4)
calls=3 +18 
* 6
* 18
+2 9
cfi=(2)
cfn=(52)
calls=3 843 
* 9
+2 16
+3 18
+2 2
+2 2
+4 2
+1 2
+3 2
-4 2
+1 4
+1 2
-1 2
+1 6
+2 2
cfi=(2)
cfn=(54)
calls=2 849 
* 6
-4 1
+1 1
+3 1
-4 1
+1 2
+1 1
-1 1
+1 3
+2 1
cfi=(2)
cfn=(54)
calls=1 849 
* 3
+1 18
-6 2

fl=(19) /build/buildd/eglibc-2.15/posix/../sysdeps/unix/syscall-template.S
fn=(62) uname
82 7
+1 1

fl=(3)
fn=(4)
52 601
+1 601

fn=(32) bcmp
58 12
+2 12
+1 12
+1 12
+2 12
+1 12
+18 12
+2 12
+2 12
+2 12
+1 12
+2 12
cfn=(4)
calls=12 -40 
* 24
* 24
+1 12
+1 12
+1 12
+14 1
+1 1
+1 1
+1 1
+2 4
+1 4
+1 4
+1 4
+2 5
+1 5
+1 5
+1 5
+2 5
+1 5
+1 5
+1 5
+2 5
+1 5
+1 5
+1 5
+2 5
+3 5
+1 10
268 1
+1 1
+1 1
+1 1
+2 5
+1 5
+1 5
+1 5
+2 4
+1 4
+1 4
+1 4
+1 4
+1 4
+1 4
+1 4
+1 4
+1 4
+3 4
+1 8
+70 3
+1 3
+11 3
+1 3
+1 3
+3 6

fl=(33) /build/buildd/eglibc-2.15/elf/dl-cache.c
fn=(130) _dl_load_cache_lookup
183 5
cfi=(3)
cfn=(4)
calls=1 52 
* 2
* 3
+8 2
+3 4
+51 4
+11 1
fi=(34) /build/buildd/eglibc-2.15/elf/../sysdeps/i386/dl-procinfo.h
101 6
+3 3
cfi=(18) /build/buildd/eglibc-2.15/string/../sysdeps/i386/i686/multiarch/../strcmp.S
cfn=(56) strcmp
calls=1 -70 
* 16
* 9
cfi=(18)
cfn=(56)
calls=3 -70 
* 71
* 8
-2 12
fe=(33)
260 1
+19 1
-19 3
cfi=(21)
cfn=(68)
calls=1 82 
* 18
+4 1
+15 2
-19 1
+4 7
+1 1
+14 1
-15 2
+15 1
-25 1
+25 1
-25 1
+25 1
-25 2
+25 2
-25 1
+25 143
cfn=(136) _dl_cache_libcmp
calls=10 140 
* 1062
* 44
+21 7
fi=(34)
105 1
fe=(33)
258 10
-61 4
cfi=(28) /build/buildd/eglibc-2.15/elf/dl-misc.c
cfn=(132) _dl_sysdep_read_whole_file
calls=1 44 
* 103
+8 1
-8 1
+8 5
+1 6
cfi=(3)
cfn=(32)
calls=1 58 
* 40
* 2
+4 2
+3 3
+3 2
+1 2
-1 1
+1 1
+1 5
cfi=(3)
cfn=(32)
calls=1 58 
* 43
* 2
+18 3
+43 13
cfn=(136)
calls=1 140 
* 108
* 21
+16 4
-16 26

fn=(136)
140 55
+1 48
+2 53
+2 53
-2 159
+2 106
-2 53
+2 2
+7 1
-1 1
+1 5
+1 1
-2 2
+2 4
+2 6
+2 2
+6 104
+2 156
+4 42
+1 42
-29 168
+32 1
+1 4
-1 1
+1 11
-8 10
+8 10
-8 10
+8 10
-8 20
+8 30

fn=(196) _dl_unload_cache
309 2
cfi=(3)
cfn=(4)
calls=1 52 
* 2
* 2
+1 4
+2 4
cfi=(45)
cfn=(198)
calls=1 82 
* 9
+1 1
+2 3

fl=(32) /build/buildd/eglibc-2.15/io/../sysdeps/unix/sysv/linux/xstat64.c
fn=(128) __xstat64
47 16
+3 16
-3 16
cfi=(3)
cfn=(4)
calls=16 +5 
* 32
* 16
+3 112
+34 2
-34 45
+34 30

fl=(36) /build/buildd/eglibc-2.15/elf/dl-version.c
fn=(144) _dl_check_all_versions
387 3
+2 1
-2 4
cfi=(3)
cfn=(4)
calls=1 52 
* 2
* 1
+4 1
-4 1
+4 3
+1 12
+1 16
cfn=(146) _dl_check_map_versions
calls=4 180 
* 3121
-2 4
+1 16
-1 8
+5 7

fn=(146)
180 32
+15 8
-15 4
cfi=(3)
cfn=(4)
calls=4 52 
* 8
* 8
+15 8
+4 4
-2 4
+2 4
+3 4
-2 4
-3 4
+5 4
-2 4
+2 4
+3 8
+4 2
-4 2
+4 12
+17 4
62 4
226 4
62 12
+1 5
-1 10
+2 21
cfi=(28)
cfn=(98) _dl_name_match_p
calls=7 305 
* 562
* 14
230 4
+4 6
+5 8
+20 3
-16 102
cfn=(148) match_symbol
calls=2 82 
* 270
* 27
cfn=(148)
calls=3 82 
* 477
* 5
+8 5
-8 5
+8 5
-8 15
+11 15
+9 8
-74 2
-8 2
+96 12
+3 8
+3 4
-3 6
+6 10
+4 2
-7 4
+7 4
-4 6
+4 32
-7 64
+7 64
-4 98
+8 12
+87 14
-81 18
cfi=(16)
cfn=(38)
calls=3 104 
* 247
-1 3
+2 3
-1 3
-1 3
+2 3
+11 3
+2 3
-5 3
+3 3
+2 3
-2 3
+2 3
+3 8
+4 8
+18 3
-15 3
+2 12
-2 2
+2 8
+2 10
+1 5
-1 5
+1 5
+1 5
-2 5
+3 5
-1 10
+1 15
+3 17
+8 6
+10 9
+3 12
+20 34
-14 34
-2 34
+2 36
-2 2
+2 2
+4 34
+2 34
-1 102
+1 34
-1 68
+1 34
+1 34
+3 108
+10 14

fn=(148)
82 35
cfi=(3)
cfn=(4)
calls=5 -30 
* 10
* 10
+1 5
-1 5
+1 5
+8 5
-8 5
+8 5
+6 20
+15 5
+1 10
+2 10
+5 10
+14 36
+12 39
+4 13
-30 26
+19 40
cfi=(18)
cfn=(56)
calls=5 34 
* 398
* 15
+3 5
+32 35

fl=(7)
fn=(172) check_match.8823
132 756
+1 108
-1 108
cfi=(3)
cfn=(4)
calls=108 -80 
* 216
* 108
+1 108
+2 216
+2 324
-2 216
+12 324
+3 426
cfi=(18)
cfn=(56)
calls=35 34 
* 2394
* 70
+5 108
-1 108
+1 108
-1 108
+1 108
+2 210
+19 210
+1 735
+46 756
-18 6
+2 6
+1 3
-1 3
+1 3
-1 3
+1 6
-1 6
+4 4
+1 10
-34 630
cfi=(18)
cfn=(56)
calls=105 34 
* 7882
* 315
+36 2
+2 4
-81 324

fn=(12) _dl_setup_hash
861 4
+3 4
-3 8
cfi=(3)
cfn=(4)
calls=4 52 
* 8
* 8
+3 4
-3 8
+3 4
+4 4
+4 8
+2 4
-1 4
+3 12
+1 4
+1 8
+2 4
+1 4
+2 4
+2 4
-1 4
+1 4
-7 4
+7 4
+14 24

fn=(168)
716 336
476 112
716 560
477 224
716 112
cfi=(3)
cfn=(4)
calls=112 52 
* 224
* 224
477 336
+1 112
-1 112
+1 336
-1 112
+1 112
-1 224
+1 1222
-1 1222
+1 3666
-1 1222
+1 1222
-1 2444
726 112
-4 112
-4 112
+8 112
-7 224
+7 322
+5 112
+2 112
-2 112
+2 112
-2 112
-1 112
+7 784
+8 16
-8 16
+2 2352
cfn=(170) do_lookup_x
calls=112 82 
* 47835
+3 224
-5 224
+33 224
+23 432
+1 648
+35 432
+14 324
+3 432
+5 216
+2 784
-81 32
+17 4
+1 4
-1 4
+1 4
+54 2

fn=(170)
82 560
-5 224
+5 336
cfi=(3)
cfn=(4)
calls=112 -30 
* 224
* 224
-5 784
+6 112
+5 112
230 112
114 112
-25 112
+25 112
230 224
114 112
-16 112
-3 112
+1 112
+2 224
+3 112
-3 112
+3 112
-3 231
-3 231
+1 231
+2 462
+3 231
-3 231
+3 231
+4 692
+4 684
+4 684
+7 1368
+4 1026
+1 1026
226 342
+1 684
+4 684
+3 342
-5 342
+5 342
+4 342
-4 684
+4 342
-1 684
+1 342
-1 684
+21 236
+24 472
462 2046
+1 108
cfi=(28)
cfn=(98)
calls=54 305 
* 3005
* 162
+3 705
+3 4
+1 24
282 2
+2 4
+3 920
+17 324
+1 216
470 108
306 108
470 540
291 39
-50 351
-1 234
+2 234
+2 117
+6 117
-6 117
+6 234
+4 512
-7 936
+2 648
+1 432
cfn=(172)
calls=108 132 
* 17032
+1 428
+12 22

fl=(18)
fn=(56)
34 292
+1 292
+4 292
+1 292
+1 292
-2 1349
+1 1349
+1 1349
+1 1498
+1 1498
+1 1498
+1 1498
+2 149
+6 149
+3 143
+1 143
+1 143
+12 143

fl=(29) /build/buildd/eglibc-2.15/io/../sysdeps/unix/sysv/linux/fxstat64.c
fn=(112) __fxstat64
46 3
+3 3
-3 3
cfi=(3)
cfn=(4)
calls=3 +6 
* 6
* 3
+3 21
+33 6

fl=(24)
fn=(76)
49 6
+2 6
+3 6
+2 6
+3 6
+1 6
+3 6
+2 6
+6 6
+1 6
+2 6
+1 6
+2 6
+1 6
+2 6
+2 2
+1 2
+2 1
+1 1
+2 1
+1 1
+2 1
+1 1
+2 1
+1 1
+2 1
+1 1
+2 1
+1 1
+2 1
+2 2
+2 2
+1 2
+2 2
+1 2
+2 2
+10 2
+1 2
+2 2
+1 2
+25 2
+1 2
+2 2
+1 2
-33 4
+1 4
+2 4
+1 4
+25 4
+1 4
+2 4
+1 4
-4 2
+1 2
+2 2
+1 2
+2 8
+1 8
+2 8
+1 8
+2 8
+1 8
+2 8
+1 8
+2 8
+1 8
+2 8
+1 8
+2 8
+1 8
+2 8
+1 8
+2 7
+1 7
+2 7
+1 7
+2 7
+1 7
+2 7
+1 7
+2 7
+1 7
+2 7
+1 7
+2 7
+1 7
+2 7
+1 7
+2 7
+1 7
+2 7
+1 7
+2 7
+1 7
+2 7
+1 7
+2 6
+1 6
+2 6
+1 6
+2 4
+1 4
+2 4
+1 4
+2 4
+1 4
+2 4
+1 4
+2 4
+1 4
+2 4
+1 4
+2 4
+1 4
+2 4
+1 4
+2 3
+1 3
+2 3
+1 3
+2 2
+1 2
+2 2
+1 2
+2 2
+1 2
+2 2
+1 2
+2 2
+1 2
+2 2
+2 2
+4 1
+1 1
+2 1
+17 6
+3 6
+4 6
+3 6
+5 6
+9 5
+1 5
+2 5
+2 5
+1 5
+2 4
+2 4
+1 4
+2 4
+1 4
+2 1
+1 1
+2 1
+1 1
+2 1
+1 1
+2 1
+3 1
+1 1
+2 5
+2 5

fl=(26)
fn=(88)
160 9
cfi=(3)
cfn=(4)
calls=3 52 
* 6
* 15
+9 3
+2 3
cfi=(2)
cfn=(90) _dl_initial_error_catch_tsd
calls=3 801 
* 18
* 3
+1 3
+2 3
-2 3
+2 9
cfi=(27)
cfn=(92)
calls=3 34 
* 33
+1 3
-1 3
+1 3
+2 9
+1 9
cfi=(31)
cfn=(122)
calls=2 62 
* 7999
cfi=(2)
cfn=(94) map_doit
calls=1 631 
* 2823
+1 9
+1 3
+1 3
-1 3
+2 3
-1 3
+1 3
+10 15

fn=(140) _dl_receive_error
198 3
cfi=(3)
cfn=(4)
calls=1 52 
* 2
* 7
+1 1
cfi=(2)
cfn=(90)
calls=1 801 
* 6
+5 1
+4 1
-5 1
+4 1
+3 5
cfi=(2)
cfn=(142) version_check_doit
calls=1 663 
* 3218
+2 2
+1 1
+1 2
-2 1
+2 1
-1 1
+1 3

fl=(11)
fn=(22)
47 12
+2 12
+2 12
+2 12
+1 4
+2 4
+1 4
+2 3
+1 3
+2 3
+2 3
+1 3
+2 3
+2 1
+1 1
+2 1
+1 1
+26 1
+1 1
+2 1
+1 1
+2 1
+1 1
-7 20
+1 20
+2 20
+1 20
+2 20
+1 20
+2 21
+2 21
+2 21
+3 21
+1 21
+2 21
+1 21
+2 21
+1 21
+2 20
+2 20
+2 20
+3 20
+1 20
+2 20
+1 20
+2 20
+1 20
+2 17
+2 17
+2 17
+3 15
+1 15
+2 15
+1 15
+2 15
+1 15
+2 11
+2 11
+2 11
+3 11
+1 11
+2 11
+1 11
+2 10
+1 10
+2 10
+2 4
+1 4
+2 4
+1 4
+2 3
+3 3
+4 3
-4 9
+4 9

fl=(25) /build/buildd/eglibc-2.15/elf/dl-debug.c
fn=(82) _dl_debug_initialize
49 16
cfi=(3)
cfn=(4)
calls=4 +3 
* 8
* 4
+3 4
-3 12
+4 4
-1 4
+5 16
+4 2
-1 1
+1 1
+1 1
+5 1
-6 1
+6 1
-5 2
+1 1
+4 1
-4 1
+4 2
-10 9
+10 15

fn=(84) _dl_debug_state
77 2

fl=(35) /build/buildd/eglibc-2.15/elf/dl-tls.c
fn=(156) allocate_dtv
289 3
cfi=(3)
cfn=(4)
calls=1 52 
* 2
* 4
+8 1
-1 1
+1 3
cfi=(16)
cfn=(38)
calls=1 104 
* 69
+1 2
-2 2
+11 2
+6 6

fn=(138) _dl_next_tls_modid
51 3
cfi=(3)
cfn=(4)
calls=1 +1 
* 2
* 4
+3 3
+48 2
+4 6

fn=(152) _dl_determine_tlsoffset
113 5
cfi=(3)
cfn=(4)
calls=1 -61 
* 2
* 2
+6 4
+3 4
+36 3
+2 10
-2 6
+5 1
-1 1
+5 1
-4 1
-1 2
+3 4
+2 2
+12 2
-12 4
+16 4
+2 2
+1 1
-3 2
+2 2
+10 1
-12 2
+15 8
+52 1
-51 1
+51 1
+1 6

fn=(190) _dl_add_to_slotinfo
817 3
cfi=(3)
cfn=(4)
calls=1 52 
* 2
* 5
+6 1
+3 2
+5 3
+42 1
-1 1
+2 2
-1 2
+1 4

fn=(192) _dl_allocate_tls_init
377 6
cfi=(3)
cfn=(4)
calls=1 52 
* 2
* 1
+1 1
-1 1
+1 1
+4 1
+3 1
+5 1
-6 1
-2 1
+8 3
+5 8
+6 4
-25 2
+47 2
+1 6
+2 2
+1 3
+8 3
+1 1
-1 1
+2 6
cfi=(22)
cfn=(72)
calls=1 44 
* 16
* 6
cfi=(30)
cfn=(114)
calls=1 52 
* 33
-42 4
+6 5
+3 1
+1 2
+6 1
+3 1
-3 2
+2 2
+38 2
+3 7

fn=(154) _dl_allocate_tls_storage
329 3
cfi=(3)
cfn=(4)
calls=1 52 
* 2
* 4
+2 1
+11 4
cfi=(16)
cfn=(46)
calls=1 53 
* 73
+1 1
-1 1
+1 1
+7 1
+4 318
+11 2
cfn=(156)
calls=1 -76 
* 95
+1 2
+5 6

fl=(1)
fn=(322)
0 1256

fn=(0) 0x000011d0
0 2
cfi=(2)
cfn=(2) _dl_start
calls=1 368 
0 104324
0 2
cfn=(202) 0x000011c0
calls=1 0 
0 2
0 17
cfi=(46) /build/buildd/eglibc-2.15/elf/dl-init.c
cfn=(206) _dl_init
calls=1 93 
0 7554
0 3
cob=(5)
cfi=(56)
cfn=(256)
calls=1 0 
0 599302745

fn=(202)
0 2

fl=(57)
fn=(264)
29 22
+2 22
+2 22
+2 22
+1 22
+1 22
cfi=(58)
cfn=(266)
calls=22 +37 
* 17328
+1 22
+2 22
+1 22
+1 22
+1 22

fl=(2)
fn=(90)
801 4
cfi=(21)
cfn=(70)
calls=4 84 
* 8
* 4
+3 8

fn=(52)
843 5
+1 5
+1 5

fn=(150) init_tls.part.3
722 3
cfi=(3)
cfn=(4)
calls=1 52 
* 2
* 2
+17 1
-4 1
+4 3
cfi=(16)
cfn=(38)
calls=1 104 
* 69
-4 1
+15 1
-12 1
-3 1
+11 1
+4 1
+2 1
-1 2
+3 8
+4 1
+2 1
-7 1
-1 2
+1 3
-1 8
+10 2
+3 1
cfi=(35)
cfn=(152)
calls=1 113 
* 85
+7 1
cfi=(35)
cfn=(154)
calls=1 329 
* 514
+1 1
-1 1
+1 1
+6 1
+8 1
-8 1
+8 13
+3 1
-3 4
+4 1
+3 5

fn=(2)
368 7
cfi=(3)
cfn=(4)
calls=1 52 
* 2
* 2
+18 2
fi=(4) /build/buildd/eglibc-2.15/elf/dynamic-link.h
121 1
fi=(5)
-61 1
fe=(2)
386 1
fi=(5)
60 2
fe=(2)
415 1
fi=(4)
121 1
fe=(2)
412 1
fi=(4)
121 4
+7 20
+1 12
+10 4
fe=(2)
367 8
fi=(4)
121 12
+2 36
+15 13
+1 13
fe=(2)
367 26
fi=(4)
121 39
+18 1
fe=(2)
367 2
fi=(4)
121 4
+25 2
+20 4
+1 4
+1 4
+1 4
+5 4
+2 4
+1 4
+1 4
+6 3
+3 2
+13 3
+1 3
+4 3
+2 3
+3 3
+1 3
fe=(2)
543 3
291 1
550 1
291 86
+12 2
cfi=(7)
cfn=(12)
calls=1 861 
* 37
+1 2
+1 2
+1 2
+1 2
+21 2
+10 3
-10 1
+4 1
+6 2
cfi=(8)
cfn=(14)
calls=1 89 
* 103519
* 1
+9 1
+3 2
+4 1
-4 2
+4 1
575 7
fi=(4)
130 4
+3 4
fe=(2)
548 30
fi=(6) /build/buildd/eglibc-2.15/elf/do-rel.h
93 1
-1 2
+3 2
+25 2
fi=(5)
633 1
fi=(6)
121 1
fi=(5)
633 1
fi=(6)
121 1
fe=(2)
367 2
fi=(6)
121 20
fi=(5)
633 20
fi=(6)
120 11
fi=(5)
634 11
fi=(6)
120 22
+5 3
+8 2
fi=(5)
404 3
fi=(6)
133 3
+13 1
fi=(5)
339 1
fi=(6)
148 2
-2 1
fi=(5)
311 1
fi=(6)
146 3
fi=(5)
311 1
+28 2
+3 4
fi=(6)
146 7
fi=(5)
339 7
fi=(6)
148 14
-2 7
fi=(5)
311 7
fi=(6)
146 21
fi=(5)
311 7
+28 14
+3 28
+6 56
fi=(4)
136 4
+1 1
+1 3
fi=(5)
352 8
fi=(6)
133 25
fe=(2)

fn=(26)
896 6
cfi=(3)
cfn=(4)
calls=1 52 
* 2
* 2
+19 2
+3 2
+4 2
+1 2
+5 2
+3 2
cfn=(28) process_envvars
calls=1 2561 
* 705
+7 4
1126 7
cfi=(14)
cfn=(34)
calls=1 63 
* 275
* 1
+2 1
-2 1
+2 1
+1 2
+1 1
+1 2
-2 1
+6 1
-5 1
+1 2
+4 2
cfi=(14)
cfn=(50)
calls=1 34 
* 46
+1 2
905 1
1157 1
+8 1
-3 1
+3 3
-8 1
+1 1
+2 1
+5 1
+56 1
-34 1
+21 1
+13 1
902 1
1187 1
+34 2
-13 3
-42 24
-1 27
+1 47
-1 3
1268 4
+3 2
+2 2
+2 3
+13 3
+1 8
cfi=(18)
cfn=(56)
calls=1 34 
* 9
* 2
+17 2
fi=(4)
106 2
+9 2
+4 1
+2 1
-2 1
+2 6
+3 30
-3 15
+18 15
fe=(2)
892 30
fi=(4)
121 49
+18 4
fe=(2)
892 8
fi=(4)
121 12
+2 38
+5 16
+1 15
fe=(2)
1261 2
+1 2
+1 1
-6 2
+1 1
-88 3
+1 1
+50 6
-1 2
+2 4
+1 1
+3 2
+1 2
-1 2
+1 2
+1 2
+1 6
+1 2
-43 1
-2 2
+2 1
+7 1
-10 1
+10 2
+18 2
-37 3
+1 1
fi=(4)
146 4
+38 4
+7 3
+5 4
+4 4
+1 3
+12 4
+14 4
+7 4
fe=(2)
1311 2
cfi=(7)
cfn=(12)
calls=1 861 
* 37
+3 2
+20 3
+94 1
cfi=(9)
cfn=(60) _dl_discover_osversion
calls=1 67 
* 100
* 8
+5 2
cfi=(20)
cfn=(64) _dl_init_paths
calls=1 712 
* 4041
+3 3
cfi=(25)
cfn=(82)
calls=1 49 
* 32
* 1
+2 1
+5 3
+4 1
+1 1
+2 1
-2 1
-1 3
+1 2
+3 2
+5 1
-7 1
+7 1
+5 1
+2 2
+2 1
-1 1
892 2
1465 1
+4 1
+1 2
+1 2
-1 1
+1 2
+2 2
+1 2
+5 3
+5 3
911 1
1665 4
+3 2
+4 3
+5 2
+1 1
cfi=(25)
cfn=(84)
calls=1 77 
* 1
+4 3
+15 4
+4 3
+31 5
cfi=(21)
cfn=(68)
calls=1 82 
* 18
* 2
+77 4
+17 2
+1 3
-1 1
+1 6
cfi=(31)
cfn=(120)
calls=1 149 
* 9768
* 1
+1 1
+2 3
+3 1
-3 1
+3 5
+1 3
-1 2
+1 9
-1 6
+4 3
+1 3
+1 1
+2 2
+1 12
-1 6
+47 2
+2 1
-2 2
+1 3
-1 1
+2 1
-1 1
+1 2
cfi=(26)
cfn=(140)
calls=1 198 
* 3257
+11 1
-1 1
+1 1
-1 1
+1 1
+3 3
+3 1
cfn=(158) security_init
calls=1 857 
* 28
+2 3
2137 4
+56 2
+11 1
-11 1
+4 3
+4 1
-4 2
+4 1
+3 1
+8 2
1296 1
+3 1
-5 1
+3 1
+2 2
+1 2
+4 2
fi=(4)
130 4
fe=(2)
2258 5
+7 1
+2 2
+1 1
-1 1
+1 3
+1 1
+2 4
-2 4
+2 12
+5 8
+2 8
+5 4
+2 8
+1 33
cfi=(38) /build/buildd/eglibc-2.15/elf/dl-reloc.c
cfn=(162) _dl_relocate_object
calls=3 154 
* 72420
+4 14
+1 2
cfi=(35)
cfn=(190)
calls=1 817 
* 26
* 4
-22 10
+24 1
+2 3
+6 1
-6 1
+6 2
+9 5
+1 1
+5 2
cfi=(35)
cfn=(192)
calls=1 377 
* 140
+4 2
+14 3
+2 4
+15 2
+3 1
-1 1
+1 1
-3 1
+3 6
cfi=(38)
cfn=(162)
calls=1 154 
* 6106
+1 1
+2 4
+8 1
cfi=(8)
cfn=(194)
calls=1 252 
* 1
+4 3
+20 3
cfi=(25)
cfn=(82)
calls=1 49 
* 25
+1 1
+1 1
cfi=(25)
cfn=(84)
calls=1 77 
* 1
+4 1
cfi=(33)
cfn=(196)
calls=1 309 
* 27
+5 6
fi=(4)
133 4
fe=(2)
1842 1
+13 1
-1 1
+1 1
-1 1
+1 1
+2 1
+2 3
+2 1
-4 1
+5 1
-1 2
+14 2
+1 2
+1 3
2139 1
904 2
1852 2
1330 3
fi=(4)
136 4
+1 1
+1 3
fe=(2)
1457 4
-11 4
729 1
-4 1
+4 1
-4 1
+4 2
cfn=(150)
calls=1 -7 
* 747
* 2
1708 2
cfi=(11)
cfn=(22)
calls=1 47 
* 123
* 10
cfi=(17)
cfn=(48)
calls=1 44 
* 32
* 1
+3 2
+7 2
-7 2
-12 2
+19 1
-4 4
cfi=(16)
cfn=(80)
calls=1 320 
* 890
* 4
cfi=(16)
cfn=(80)
calls=1 320 
* 26
* 6
+1 2
+1 3
+2 5
cfn=(86) do_preload
calls=1 810 
* 2916
* 2
+2 1
+1 2
+1 3
fi=(4)
191 2
fe=(2)
2280 1
+1 1
-3 2
1813 4
+1 1
-1 3
+4 1
+1 1
-1 1
+2 2
+1 2

fn=(54)
849 5
+1 5
+1 5

fn=(94)
631 1
+2 1
-2 2
+2 7
cfi=(20)
cfn=(96)
calls=1 2276 
* 2807
* 2
+2 3

fn=(142)
663 1
+2 1
-2 2
cfi=(3)
cfn=(4)
calls=1 52 
* 2
* 3
+2 3
cfi=(36)
cfn=(144)
calls=1 387 
* 3200
* 2
+4 4

fn=(86)
810 5
cfi=(3)
cfn=(4)
calls=1 52 
* 2
* 2
+6 1
+6 3
-5 1
+5 1
-10 1
+6 1
+4 1
-2 1
+2 3
cfi=(26)
cfn=(88)
calls=1 160 
* 2882
* 2
+1 2
+10 3
+4 5

fn=(158)
857 3
cfi=(3)
cfn=(4)
calls=1 52 
* 2
* 2
+2 1
fi=(37) /build/buildd/eglibc-2.15/elf/../sysdeps/unix/sysv/linux/dl-osinfo.h
74 2
+23 1
+2 2
fe=(2)
861 1
+6 3
+2 1
fi=(37)
114 2
+11 1
fe=(2)
872 1
+2 1
+6 1
+1 4

fn=(28)
2561 6
cfi=(3)
cfn=(4)
calls=1 52 
* 2
* 3
+8 2
-7 1
+7 1
-7 1
+7 2
-4 1
2727 1
2564 1
+5 1
2727 2
2571 2
cfi=(13)
cfn=(30)
calls=1 30 
* 85
* 4
cfi=(13)
cfn=(30)
calls=2 30 
* 296
* 9
+4 46
+1 19
-1 57
+3 4
+6 12
2733 2
+4 3
+33 2
+22 6
2660 6
cfi=(3)
cfn=(32)
calls=1 58 
* 35
* 3
-53 6
cfi=(3)
cfn=(32)
calls=1 58 
* 30
* 3
+7 6
cfi=(3)
cfn=(32)
calls=1 58 
* 36
* 3
+2 2
+1 1
+45 2
+1 1

fl=(9)
fn=(60)
67 5
cfi=(3)
cfn=(4)
calls=1 -15 
* 2
* 2
+2 4
+40 3
cfi=(19)
cfn=(62)
calls=1 -27 
* 8
+15 1
-15 2
+20 1
-1 1
+3 15
+2 6
+2 3
-2 6
+2 9
+7 3
-1 3
+2 3
+2 13
+8 1
+1 7
-4 2

fl=(20)
fn=(126) open_path
2127 6
+1 1
-1 1
cfi=(3)
cfn=(4)
calls=1 52 
* 2
* 3
+1 1
+6 1
-6 1
+6 1
+5 1
-7 1
-1 1
+8 12
+34 3
-22 3
+7 7
cfi=(22)
cfn=(72)
calls=1 44 
* 19
* 1
+1 7
+20 32
-20 79
+3 32
+4 144
cfi=(22)
cfn=(72)
calls=16 44 
* 272
* 96
cfi=(22)
cfn=(72)
calls=16 44 
* 272
* 16
+6 16
-3 16
+3 32
+3 176
cfn=(104) open_verify
calls=16 1857 
* 848
+2 16
-2 16
+2 48
+67 6
+5 1
+2 1
-2 1
+2 4
+3 3
+13 1
+1 7
-84 48
+1 96
+6 64
+2 96
cfi=(32)
cfn=(128)
calls=16 47 
* 285
* 32
+1 4
+2 30
+7 32
-5 3

fn=(64)
712 6
cfi=(3)
cfn=(4)
calls=1 52 
* 2
* 3
+15 6
cfi=(8)
cfn=(66)
calls=1 354 
* 2430
* 2
+5 2
cfi=(16)
cfn=(42)
calls=1 95 
* 46
+1 1
-1 1
-1 1
+2 1
+8 1
-1 1
+1 1
-1 4
+5 3
cfi=(16)
cfn=(42)
calls=1 95 
* 86
-1 1
+3 1
-3 1
+3 1
+15 2
+2 3
+3 2
+2 2
+7 1
-65 1
+65 1
-65 1
+42 1
-42 1
+43 1
+11 1
+3 1
+8 1
-65 1
+62 20
+1 4
-1 12
+1 60
-1 184
+3 8
-14 3
+2 3
+12 3
-7 3
-7 6
+2 3
+4 3
+1 3
-7 3
+5 3
-2 3
+3 3
-1 3
+2 3
+3 3
-3 6
+3 6
-3 3
-7 3
+10 3
-10 3
+10 6
+15 1
-11 1
+7 1
-1 1
+6 1
-5 1
+5 1
+2 4
+2 3
+32 6
+8 3
cfi=(24)
cfn=(76)
calls=1 49 
* 110
* 2
+2 3
cfi=(11)
cfn=(22)
calls=1 47 
* 55
* 11
cfi=(17)
cfn=(48)
calls=1 44 
* 25
* 1
+17 7
+2 1
+1 2
+1 1
-4 3
+2 13
+1 26
+1 13
-4 40
+8 2
cfi=(16)
cfn=(42)
calls=1 95 
* 46
+1 1
-2 1
+2 1
+6 10
cfn=(78) fillin_rpath
calls=1 491 
* 640
+4 4
+6 1
+4 6
-72 1
-2 1
+2 2
+11 2

fn=(96)
2276 21
+7 3
-7 3
cfi=(3)
cfn=(4)
calls=3 52 
* 6
* 6
+7 6
+1 9
+3 18
+12 12
-12 18
+5 21
+1 14
+2 21
cfi=(28)
cfn=(98)
calls=7 305 
* 550
* 14
2570 7
2322 2
-1 10
+11 6
+26 4
-2 2
+2 2
cfi=(24)
cfn=(76)
calls=2 49 
* 131
* 4
2501 6
cfn=(100) expand_dynamic_string_token
calls=1 421 
* 514
+1 1
+1 1
-4 1
+3 1
+4 10
cfn=(104)
calls=1 1857 
* 303
+3 1
-3 1
+3 1
+12 8
+2 4
+45 2
-1 2
+1 6
-1 2
+1 22
cfn=(110) _dl_map_object_from_fd
calls=2 916 
* 3389
+2 6
-2 2
+2 8
2321 4
+41 2
cfi=(11)
cfn=(22)
calls=1 47 
* 40
* 1
+2 1
-2 1
+2 1
+7 5
+35 2
+1 19
cfn=(126)
calls=1 2127 
* 2897
+6 1
-6 1
+6 1
+80 2
-80 2
+1 7
cfn=(124) cache_rpath
calls=1 688 
* 13
* 2
+7 4
+5 2
cfi=(33)
cfn=(130)
calls=1 183 
* 1859
+2 1
-2 1
+2 1
+5 3
+8 2
+27 11
cfn=(104)
calls=1 1857 
* 358
+3 1
-3 1
+3 1
+2 3
cfn=(102) local_strdup
calls=1 160 
* 188
+1 2
-1 1
+1 1
-99 1
+5 1
-5 1
+5 3
+3 2
-3 1
+3 2
-3 3
+1 6
cfn=(124)
calls=1 688 
* 13
* 2
+14 4
+1 8
+1 8
cfn=(124)
calls=1 688 
* 13
* 2
-97 18
+3 2
+1 4
+1 6
cfi=(18)
cfn=(56)
calls=2 34 
* 25
* 4

fn=(102)
160 6
cfi=(3)
cfn=(4)
calls=2 52 
* 4
* 2
+1 2
-1 6
+1 2
cfi=(11)
cfn=(22)
calls=2 47 
* 205
* 2
+1 4
cfi=(16)
cfn=(42)
calls=2 -67 
* 92
* 2
+3 2
-1 4
+3 8
cfi=(17)
cfn=(48)
calls=2 44 
* 67
+1 10

fn=(104)
1857 108
+36 18
-36 36
cfi=(3)
cfn=(4)
calls=18 52 
* 36
* 36
+36 18
-36 36
+36 69
+21 72
cfi=(21)
cfn=(106)
calls=18 82 
* 324
+1 18
-1 18
+1 18
+11 2
-1 2
+1 10
cfi=(21)
cfn=(108)
calls=2 82 
* 20
* 2
+7 2
-7 4
+7 2
+16 10
cfi=(3)
cfn=(32)
calls=2 58 
* 62
* 4
+2 4
-2 4
+4 14
cfi=(3)
cfn=(32)
calls=2 58 
* 72
-4 4
+60 6
+5 4
+2 6
+6 6
+7 2
+1 2
-1 4
+1 6
+1 6
+15 82
+2 36
+4 10
+1 12
+13 2
+1 2
-1 2
+1 2
-1 2
+1 2
-2 2
+4 6
+5 1
+1 1
-13 5
cfi=(3)
cfn=(32)
calls=1 58 
* 39
* 10
cfi=(3)
cfn=(32)
calls=2 58 
* 68
* 6
+16 4
+3 1
+1 1
+1 1
+1 3
+1 3
-4 1
+1 2
+1 1
-1 2
-1 1
+4 2
+28 130

fn=(110)
916 12
cfi=(3)
cfn=(4)
calls=2 52 
* 4
* 6
+11 2
-11 2
+11 4
cfi=(25)
cfn=(82)
calls=2 49 
* 50
* 2
+4 12
cfi=(29)
cfn=(112)
calls=2 46 
* 30
* 4
+11 12
+1 14
-1 15
+1 40
+17 6
+25 4
+10 4
+22 8
+31 4
928 2
1051 20
cfi=(14)
cfn=(34)
calls=2 63 
* 1133
* 2
+1 2
-1 2
+1 2
+11 2
+2 2
-2 2
+2 2
-1 2
-1 2
+5 2
-3 2
+2 2
-3 2
+4 6
+1 4
+24 2
-19 2
+19 10
+8 2
-8 6
+8 8
+96 2
-96 8
+96 4
-95 28
+6 4
+1 8
-8 102
+1 97
+60 3
+4 1
+1 1
+1 1
-1 1
+1 1
+4 1
+3 1
-3 1
+7 4
+6 1
cfi=(35)
cfn=(138)
calls=1 51 
* 20
* 3
+1 1
-67 28
+6 4
+1 4
-1 24
+8 20
+1 24
+1 8
+3 4
-3 8
+3 4
+1 4
-3 4
+3 4
+4 4
-7 4
+3 4
+4 4
+1 12
+5 14
+10 2
-10 14
+10 2
-46 2
+1 1
1244 4
+1 4
+1 2
-6 4
+1 2
-70 5
+78 6
+13 2
-3 2
1064 2
1262 4
1064 2
1262 8
+2 2
-2 2
+2 2
+19 20
-5 2
+5 4
cfi=(23)
cfn=(74)
calls=2 35 
* 46
+4 2
-4 2
+4 2
+7 6
+1 4
+2 2
-2 2
+2 2
+10 2
+35 16
+1 6
+2 12
+7 16
+7 2
-1 2
+1 2
+1 2
-2 2
+2 4
+1 4
-1 10
+8 4
+3 4
+11 16
cfi=(30)
cfn=(114)
calls=2 52 
* 113
+1 8
+5 4
+15 4
-73 24
+2 8
+2 24
cfi=(23)
cfn=(74)
calls=2 35 
* 46
* 4
+73 2
-77 2
+77 4
+9 4
fi=(4)
115 2
fe=(20)
1416 4
fi=(4)
115 2
+4 4
+2 6
fe=(20)
913 4
fi=(4)
124 31
+15 31
-18 93
+18 2
-18 6
+2 82
+5 40
+1 24
+10 8
-18 24
+25 6
+20 8
+1 10
+1 10
+1 10
+2 6
+3 10
+2 10
+1 8
+1 10
+6 6
+7 6
+5 6
+4 6
+1 6
+12 6
+5 1
+2 1
-2 1
+2 1
+2 2
+2 2
+3 6
+2 2
+2 2
+3 6
fe=(20)
1422 8
+16 6
+19 4
+2 10
+55 6
+1 2
+3 3
cfi=(21)
cfn=(118)
calls=1 82 
* 8
* 3
cfi=(21)
cfn=(118)
calls=1 82 
* 8
* 4
+8 4
+3 6
+2 2
-2 2
+2 2
+16 4
cfi=(7)
cfn=(12)
calls=2 861 
* 74
+4 4
+19 4
+3 2
+5 2
-8 4
+3 4
+1 2
+4 2
-5 2
+1 6
+4 2
+6 6
cfi=(14)
cfn=(50)
calls=2 34 
* 108
+4 6
+20 14
-56 6
fi=(4)
130 8
+3 8
+3 8
+2 2
-1 2
+1 6
fe=(20)
1346 5
+1 7
+1 5
-1 2
+3 4
+42 10
cfi=(23)
cfn=(74)
calls=1 35 
* 23
+3 2
fi=(4)
191 4
fe=(20)

fn=(78)
491 5
cfi=(3)
cfn=(4)
calls=1 52 
* 2
* 4
+2 2
+2 5
cfi=(16)
cfn=(80)
calls=1 320 
* 301
* 5
cfi=(16)
cfn=(80)
calls=1 320 
* 26
* 6
+3 2
cfi=(11)
cfn=(22)
calls=1 47 
* 53
+4 1
-4 1
+4 1
+7 4
+5 2
+3 3
+4 18
+1 8
+18 4
+4 2
+1 1
-1 1
-1 4
cfi=(16)
cfn=(42)
calls=1 95 
* 46
+3 3
-3 1
+3 1
+5 1
-1 1
+2 5
cfi=(22)
cfn=(72)
calls=1 44 
* 19
+3 1
-3 1
+3 1
-2 1
+2 1
+6 4
+1 4
+1 1
-1 3
+1 15
-1 45
+4 1
-1 1
+1 1
-1 1
+1 1
+7 1
+4 1
-3 1
-1 1
+4 5
+5 3
+3 6
-14 2

fn=(124)
688 12
+1 3
+1 3
-2 3
+1 6
+17 12

fn=(100)
421 3
cfi=(3)
cfn=(4)
calls=1 52 
* 2
* 1
+10 2
-10 6
+10 1
cfi=(24)
cfn=(76)
calls=1 49 
* 260
* 2
+4 1
+11 5
-11 1
cfn=(102)
calls=1 160 
* 230

fl=(46)
fn=(206)
93 6
cfi=(3)
cfn=(4)
calls=1 -41 
* 2
* 2
+2 1
-2 1
+1 1
-1 1
+5 3
+7 2
+27 1
+1 4
+1 9
cfn=(208) call_init
calls=1 -98 
* 34
* 27
cfn=(208)
calls=3 -98 
* 7347
-1 8
+7 6
-40 7
cfn=(208)
calls=1 -64 
* 89
+1 3

fn=(208)
36 35
+1 5
-1 5
cfi=(3)
cfn=(4)
calls=5 +16 
* 10
* 10
+1 10
+9 4
-3 12
+3 16
+5 9
+5 4
+8 4
+2 4
+4 10
cob=(3)
cfi=(48)
cfn=(232)
calls=1 -17 
* 160
cob=(2)
cfi=(15)
cfn=(210)
calls=1 -70 
* 42
* 2
+4 2
+1 4
+6 1
+2 1
-2 1
+2 3
-2 1
+3 10
+1 7
cob=(3)
cfi=(52)
cfn=(240)
calls=1 -44 
* 11
* 14
cob=(3)
cfi=(55)
cfn=(252)
calls=1 -7 
* 12
cob=(3)
cfi=(53)
cfn=(242)
calls=1 552 
* 7017
-1 9
+3 30
-35 2
-5 3

fl=(38)
fn=(162)
154 32
cfi=(3)
cfn=(4)
calls=4 52 
* 8
* 8
+10 12
+1 8
+4 4
-4 4
+4 4
+1 20
+6 8
+6 12
+4 8
+8 12
-33 4
+78 4
fi=(5)
104 4
fe=(38)
239 8
fi=(5)
104 4
fe=(38)
265 226
152 20
fi=(6)
-45 8
-40 4
-11 4
fe=(38)
265 4
fi=(6)
56 4
+11 4
fe=(38)
265 4
fi=(6)
55 4
+12 12
-11 4
fe=(38)
265 4
fi=(6)
56 4
+11 4
fe=(38)
265 4
fi=(6)
55 4
+12 8
+3 6
fi=(5)
384 9
655 3
-1 6
+1 3
+2 6
-2 33
-1 66
+1 33
+2 66
+2 128
+1 64
fi=(6)
70 132
+99 8
fe=(38)
+96 196
fi=(5)
603 4
fe=(38)
265 8
fi=(5)
603 4
fi=(6)
93 4
-37 4
-1 4
+1 4
+39 4
+12 4
-15 8
+3 12
+12 4
-14 4
-37 4
-1 4
+1 4
+39 4
+12 4
-15 8
+3 12
+12 4
+10 24
+10 24
+3 6
+3 6
-3 6
+3 6
+36 8
fe=(38)
+96 16
+3 12
+40 4
+3 12
+17 12
+1 8
cfn=(186) _dl_protect_relro
calls=4 +6 
* 156
* 4
+1 24
fi=(5)
104 9
+6 6
+4 9
+13 3
-8 3
+8 6
+13 9
fe=(38)
+44 24
fi=(6)
-91 5
+14 10
-14 5
+2 5
-2 10
+14 5
+7 9
+6 4
fi=(5)
633 2
fi=(6)
121 2
fi=(5)
633 2
fi=(6)
121 2
fe=(38)
+31 6
fi=(6)
-31 2512
fi=(5)
633 2512
fi=(6)
120 1258
fi=(5)
634 1258
fi=(6)
120 2516
+7 20
+3 4
+3 4
-3 4
+3 4
fi=(5)
460 12
fi=(6)
145 6
+2 3
-2 3
fi=(5)
311 3
fi=(6)
145 6
+1 3
+1 3
-1 3
fi=(5)
311 3
fi=(6)
145 3
+3 6
fi=(5)
314 3
fi=(6)
147 3
-1 3
+2 3
-2 3
fi=(5)
314 3
fi=(6)
145 202
+2 101
-2 101
fi=(5)
311 101
fi=(6)
145 202
+1 101
+1 101
-1 101
fi=(5)
311 101
fi=(6)
145 101
+3 202
fi=(5)
314 101
fi=(6)
147 101
-1 101
+2 101
-2 101
fi=(5)
314 101
+17 312
+7 2499
fi=(6)
146 81
fi=(5)
338 243
fi=(6)
146 81
fi=(5)
338 243
fi=(6)
147 81
fi=(5)
338 330
fi=(6)
146 6
fi=(5)
338 18
fi=(6)
146 6
fi=(5)
338 18
fi=(6)
147 6
fi=(5)
338 1503
cfi=(7)
cfn=(168)
calls=87 716 
* 53764
* 522
+1 516
+2 208
+1 408
+6 208
449 3
+4 5
+1 1
+11 7
cfi=(17)
cfn=(48)
calls=1 44 
* 27
fi=(6)
133 4
fi=(5)
348 416
+98 10
fi=(6)
133 10
fi=(5)
446 10
fi=(6)
133 21
fi=(5)
365 4
+1 4
fi=(6)
133 2
fi=(5)
366 2
fi=(6)
133 4
fi=(5)
366 81
fi=(6)
133 81
fi=(5)
366 81
fi=(6)
133 163
fi=(5)
433 30
+2 30
+1 10
fi=(6)
133 10
fi=(5)
436 30
fi=(6)
133 10
fi=(5)
436 10
fi=(6)
133 10
fe=(38)
265 22
152 16
265 21
fi=(6)
-96 1
fi=(5)
460 2
fi=(6)
169 2
+10 1
+1 3
-1 1
fi=(5)
311 1
fi=(6)
179 3
fi=(5)
314 1
-3 1
fi=(6)
179 1
fi=(5)
314 1
fi=(6)
179 2
+1 6
-1 2
fi=(5)
311 2
fi=(6)
179 6
fi=(5)
314 2
-3 2
fi=(6)
179 2
fi=(5)
314 2
+17 9
+7 123
cfi=(7)
cfn=(168)
calls=3 716 
* 1666
* 21
+1 15
+2 6
+1 4
+6 18
-10 21
fi=(6)
169 10
fi=(5)
366 9
fi=(6)
120 12
+49 4
fe=(38)
+96 40
fi=(5)
665 8
338 150
712 8
+2 12
+1 12
+1 4
cob=(3)
cfi=(44)
cfn=(184)
calls=1 37 
* 13
cob=(3)
cfi=(43)
cfn=(182)
calls=1 45 
* 14
cob=(3)
cfi=(42)
cfn=(180)
calls=1 27 
* 15
cob=(3)
cfi=(39)
cfn=(174)
calls=1 37 
* 83
+1 8
fe=(38)

fn=(186)
335 4
+1 4
-1 8
cfi=(3)
cfn=(4)
calls=4 52 
* 8
* 4
+1 4
-1 8
+2 8
-1 8
+2 8
+3 8
+1 20
cfi=(45)
cfn=(188)
calls=4 82 
* 40
* 8
+6 16

fl=(127)
fn=(666) _dl_sort_fini
34 7
cfi=(3)
cfn=(4)
calls=1 +18 
* 2
* 1
+2 1
-2 3
+50 1
-48 1
+5 2
+1 1
-1 2
+1 1
-1 1
+1 1
+1 1
-1 4
+1 4
cfi=(30)
cfn=(114)
calls=1 +9 
* 20
* 1
+15 6
+62 5
+3 16
cfi=(30)
cfn=(114)
calls=2 -71 
* 35
* 6
-76 12
+1 8
+4 2
-4 2
+4 4
-5 6
+1 4
+4 1
-4 1
+4 8
+6 3
+1 3
-1 3
+1 3
-26 6
+28 4
+1 4
-1 2
+1 4
+3 6
-1 9
+31 9
+21 6
-57 9
+61 10
+3 1
+4 6

fn=(664)
133 6
cfi=(3)
cfn=(4)
calls=1 -81 
* 2
* 4
+19 1
-6 1
-1 1
-13 2
+23 5
-23 7
241 1
132 1
241 2
-83 4
cfi=(2)
cfn=(52)
calls=1 843 
* 3
+3 2
+3 2
+2 6
+11 3
+2 3
+3 7
+11 6
+2 8
+2 8
+2 4
+1 4
+1 4
+4 4
-12 13
+14 2
+5 6
cfn=(666)
calls=1 34 
* 258
+9 1
-9 1
+9 2
cfi=(2)
cfn=(54)
calls=1 849 
* 3
+4 5
+2 2
+2 3
-2 6
+2 9
+3 8
+3 12
+11 4
+12 6
+1 6
cob=(2)
cfi=(15)
cfn=(678)
calls=1 0 
* 857
cob=(2)
cfi=(15)
cfn=(668)
calls=1 0 
* 26
+5 28
+16 4
-55 12
-70 3
285 6
-49 12
+3 4
+52 2
+7 6

fl=(28)
fn=(132)
44 3
cfi=(3)
cfn=(4)
calls=1 +8 
* 2
* 6
+7 3
cfi=(21)
cfn=(106)
calls=1 +31 
* 10
-6 1
+7 1
-1 1
+1 1
+2 5
cfi=(29)
cfn=(112)
calls=1 -8 
* 15
* 2
+2 1
+3 1
-3 1
+3 1
+13 2
cfi=(21)
cfn=(118)
calls=1 +10 
* 8
+3 7
-14 7
cfi=(23)
cfn=(74)
calls=1 -26 
* 23
* 2

fn=(98)
305 408
cfi=(3)
cfn=(4)
calls=68 52 
* 136
* 136
+1 272
cfi=(18)
cfn=(56)
calls=68 34 
* 619
+1 68
-1 136
+3 68
+8 68
-6 136
+4 69
-4 138
+1 288
cfi=(18)
cfn=(56)
calls=72 34 
* 955
* 144
+1 3
+5 83
-1 65
+1 325

totals: 599414649
